X
3.961
4.226
3.735
4.3
3.983
4.092
3.492
3.568
4.302
3.889
4.138
4.114
4.077
3.968
4.244
4.048
3.587
4.044
3.931
4.214
3.711
3.991
4.031
3.785
3.975
3.913
3.969
4.272
3.919
3.819
3.721
4.16
3.884
4.13
4.204
4.285
4.203
3.999
4.128
4.088
3.898
4.485
4.225
3.463
4.13
3.952
3.952
4.19
3.777
3.776
3.886
4.266
3.693
3.847
3.81
4.176
4.087
4.13
3.915
3.828
4.007
4.006
4.239
3.798
3.493
4.451
4.093
3.881
4.134
3.923
3.972
4.068
3.771
3.979
4.215
4.063
4.165
4.129
4.464
3.776
4.023
4.091
3.658
3.862
4.209
3.94
4.059
4.353
3.564
3.746
3.954
4.044
4.241
3.897
4.131
3.929
4.129
3.682
3.673
4.021
4.095
4.314
4.097
4.363
4.273
3.706
3.639
4.357
4.267
3.948
3.97
3.683
4.173
4.581
4.465
4.242
3.964
3.952
3.904
3.785
4.336
4.284
4.229
3.988
3.353
4.051
3.754
4.148
4.096
4.155
4.053
4.193
3.466
3.998
4.172
4.22
3.701
3.932
3.979
3.972
4.046
4.195
3.543
3.991
4.079
4.024
3.94
4.036
3.551
4.052
3.828
3.794
4.28
4.036
3.801
4.225
3.9
3.878
4.024
3.855
3.779
4.135
3.873
3.886
4.202
3.869
3.527
3.91
4.19
4.006
3.966
4.148
4.243
4.236
4.278
4.05
4.428
4.649
4.051
3.692
4.084
3.566
3.861
4.045
3.878
4.167
4.165
3.955
4.045
4.66
3.803
4.234
3.814
3.833
4.202
4.072
3.931
4.191
4.114
4.396
3.849
3.936
4.202
4.316
3.982
4.247
4.3
3.836
4.444
4.134
4.163
4.152
3.92
4.051
4.228
4.027
4.313
4.187
3.988
4.343
3.984
4.139
4.103
3.839
4.011
4.206
4.102
3.969
4.125
4.086
3.869
4.087
3.947
4.071
3.825
3.993
3.999
3.831
3.993
4.387
3.912
4.168
4.074
4.046
4.12
3.968
3.825
3.934
4.221
3.564
4.463
4.066
4.24
3.625
4.168
4.028
3.921
4.128
3.843
4.2
4.113
4.248
3.819
3.994
3.696
3.849
4.169
4.134
4.1
3.64
3.917
4.662
4.212
4.029
4.361
4.289
4.2
3.984
3.939
4.342
3.932
3.957
4.008
4.14
3.902
4.255
3.834
4.347
4.352
4.11
4.114
3.942
3.896
4.139
4.464
4.341
4.661
4.279
4.109
4.145
4.506
4.109
4.529
4.014
4.066
4.156
4.099
4.328
4.044
4.14
3.991
3.945
3.739
4.375
3.977
4.017
4.252
3.88
3.996
4.345
4.205
4.105
4.439
4.269
4.704
4.199
3.58
4.134
4.12
3.986
4.085
3.945
4.132
4.014
4.145
4.076
4.365
4.109
4.251
4.227
4.264
4.203
4.279
3.919
4.262
4.111
3.958
4.236
3.956
4.433
4.229
3.925
3.822
3.971
3.681
3.968
4.066
3.989
3.975
4.003
4.046
4.162
4.022
4.149
4.574
4.04
4.153
4.451
4.464
4.173
4.376
4.244
4.395
4.004
4.288
4.107
3.832
4.325
4.099
4.063
4.244
4.28
4.42
4.258
3.988
3.747
4.199
3.913
4.294
4.386
4.172
4.122
4.22
4.535
3.929
3.923
4.098
4.062
4.043
3.925
4.296
4.326
3.96
4.156
4.17
4.216
3.639
4.415
3.939
4.152
3.699
4.164
4.025
4.008
4.281
4.128
4.043
3.714
3.694
3.858
4.14
4.505
4.098
4.313
4.054
4.108
4.009
4.066
4.355
4.326
4.124
4.39
3.886
3.922
4.133
4.207
3.846
4.146
3.99
4.056
4.468
4.354
3.994
4.139
3.98
4.422
4.016
4.304
4.138
3.959
4.65
4.022
4.105
4.294
4.123
4.118
3.903
3.887
4.223
4.537
4.31
3.986
3.896
4.4
4.728
4.245
4.358
4.194
4.413
4.092
4.225
4.218
4.334
4.314
3.728
3.896
4.098
4.042
4.35
4.14
4.193
4.023
4.379
3.985
4.199
4.02
3.863
3.967
4.338
4.195
3.988
4.163
3.754
4.022
4.473
3.937
3.95
4.316
3.904
4.59
4.124
4.306
3.835
3.675
4.199
4.005
4.174
4.373
3.915
4.05
3.688
3.829
3.856
3.443
3.81
3.951
4.143
4.259
3.508
4.214
3.984
3.936
3.859
3.949
3.83
4.127
4.117
3.988
4.066
3.825
4.047
4.073
4.126
4.19
3.913
4.246
3.918
3.788
3.625
3.823
4.079
4.1
3.969
4.152
4.418
3.847
3.854
3.886
3.913
4.092
4.27
3.934
4.027
3.996
4.277
3.908
4.098
3.981
4.039
4.129
3.963
4.116
4.202
3.981
3.946
3.533
3.806
4.105
3.58
3.529
3.802
4.093
3.963
4.02
4.18
4.306
3.67
4.154
3.996
4.239
3.936
4.36
4.132
4.035
4.326
3.863
4.012
4.056
4.196
4.04
3.886
3.955
4.177
4.021
3.878
4.073
3.798
3.729
3.617
3.447
4.028
4.096
4.094
3.858
3.968
3.792
4.061
4.145
3.768
3.903
4.151
3.717
3.935
3.994
3.654
4.053
3.776
3.905
4.343
3.598
4.247
3.593
3.72
3.891
4.159
4.286
3.945
3.482
3.736
3.88
4.167
3.944
3.593
3.881
3.623
3.909
4.258
4.011
4.006
3.887
3.793
4.214
4.071
3.822
4.129
4.007
4.117
3.897
4.193
3.951
3.71
3.734
3.846
4.317
4.165
3.959
3.981
4.189
3.58
3.834
4.089
4.011
3.649
3.791
4.03
4.184
4.044
4.313
3.792
3.977
3.87
3.962
4.301
3.534
4.208
3.978
3.939
4.594
4.048
3.865
4.15
4.053
3.282
3.811
4.035
4.462
4.372
4.211
4.551
4.253
4.245
4.127
4.247
4.23
4.54
3.611
4.029
4.07
3.998
4.274
4.354
4.225
4.109
4.043
4.119
4.314
3.945
3.833
4.036
4.364
4.184
4.412
3.627
4.098
3.983
4.034
3.984
4.353
4.354
3.991
4.262
3.912
4.394
4.182
4.066
4.195
3.982
4.016
3.985
3.733
4.295
4.088
4.273
4.182
4.053
4.122
3.789
4.564
4.148
4.256
4.265
4.229
4.073
3.832
4.035
4.522
4.497
4.085
4.146
4.157
4.441
3.977
4.253
4.363
4.205
4.055
3.892
4.179
4.281
4.162
4.422
4.181
4.166
4.282
4.293
3.746
3.965
4.574
3.913
4.061
3.805
4.071
4.261
4.338
3.865
3.887
3.946
3.907
4.344
4.131
3.826
4.373
4.051
3.928
3.768
4.025
4.135
3.685
4.36
3.913
4.338
3.868
3.57
3.962
4.338
4.551
4.044
3.746
3.822
3.936
3.96
3.452
4.144
4.007
4.12
4.002
3.922
3.711
4.073
4.141
3.627
4.145
3.921
3.807
4.472
3.587
3.469
3.933
4.064
4.505
4.241
4.022
4.134
3.992
3.768
3.969
4.08
3.997
3.671
4.123
3.893
3.853
4.251
4.54
4.32
4.035
4.113
3.848
4.17
3.563
3.851
3.854
4.451
3.976
3.834
4.254
4.275
3.939
3.675
4.276
4.167
4.338
4.169
4.297
4.419
4.933
4.524
4.401
4.456
4.195
4.145
4.534
4.303
4.377
4.331
4.056
4.043
3.958
4.291
3.891
4.253
3.998
4.327
4.248
4.688
3.917
3.963
4.303
4.156
4.028
4.285
4.443
4.129
4.239
4.071
4.045
4.343
3.948
4.266
4.13
3.979
3.825
4.388
4.214
4.466
4.332
4.75
4.299
3.786
4.477
4.43
4.354
4.183
4.333
3.94
4.424
4.457
4.118
4.123
4.047
4.641
4.358
4.122
3.686
4.132
3.983
4.256
4.243
4.638
4.005
4.225
4.047
4.499
4.414
4.138
4.279
4.504
4.279
4.248
4.506
3.898
4.418
3.626
4.555
4.231
4.164
4.609
4.439
4.538
4.109
4.018
4.089
4.645
4.416
4.133
4.305
4.63
3.73
4.029
4.002
4.343
3.97
4.219
4.319
4.149
4.12
4.199
4.143
4.016
4.023
4.11
4.118
4.11
4.122
4.031
3.653
4.075
4.245
3.896
3.767
3.818
3.775
4.301
4.358
3.85
3.981
4.153
3.868
3.861
3.715
3.997
4.262
3.787
4.152
4.055
4.264
4.343
4.122
3.614
4.404
3.982
4.32
3.982
3.873
4.149
3.94
3.915
4.123
4.144
4.428
4.351
4.304
4.198
4.016
3.869
3.994
3.759
4.212
4.318
4.062
4.344
4.051
3.849
4.264
4.219
3.898
4.157
4.102
3.71
4.511
4.136
4.066
4.292
4.838
4.053
4.112
4.074
4.044
3.734
4.084
4.234
3.949
3.916
4.458
3.996
4.012
3.767
4.237
4.6
3.918
4.023
3.876
4.545
4.368
4.334
3.931
3.922
4.095
4.146
4.115
4.413
4.255
3.941
3.802
3.655
4.024
4.188
4.211
4.701
3.988
3.895
4.299
4.346
3.787
4.045
3.954
4.553
3.946
3.902
4.265
3.849
3.965
4.456
3.728
4.328
4.503
4.101
3.978
4.208
4.315
4.372
4.419
4.293
3.855
3.982
4.176
4.17
4.148
4.599
4.568
4.334
4.268
3.944
3.968
4.197
4.149
4.078
3.897
4.001
4.641
4.233
4.322
4.123
4.27
4.434
4.351
4.188
3.879
4.287
4.238
3.805
4.162
4.191
4.108
4.163
4.569
3.742
3.822
4.229
4.002
4.018
4.421
4.251
4.283
4.481
3.869
4.085
4.612
4.468
4.049
4.305
4.357
3.895
4.229
4.363
4.252
4.382
4.114
4.119
4.271
4.078
4.13
4.184
4.685
3.966
3.714
4.482
4.053
4.006
4.02
4.149
4.3
4.25
4.269
4.25
3.697
3.895
3.876
3.965
3.899
3.841
3.924
4.203
4.302
4.069
4.25
4.51
4.567
4.031
4.137
4.443
4.238
4.181
4.237
3.954
4.241
4.349
3.982
4.361
4.161
4.399
3.882
4.017
4.159
4.168
4.165
4.393
3.893
3.964
4.035
4.316
4.528
3.938
4.208
4.154
4.243
4.569
4.243
4.426
4.522
4.496
3.912
3.928
4.11
4.257
4.171
3.958
3.875
4.148
4.329
3.994
3.978
4.515
4.224
3.62
4.158
4.371
4.517
3.99
3.991
3.985
4.157
4.1
4.089
4.326
3.903
4.319
4.09
4.258
4.073
3.63
3.751
4.161
3.55
3.769
4.137
3.836
4.144
3.973
4.12
4.444
4.027
4.017
3.688
4.356
4.105
3.746
3.821
3.915
4.087
3.843
4.01
3.741
4.297
4.1
3.797
4.061
4.18
3.861
4.306
3.967
4.068
4.057
3.921
4.378
4.354
3.986
3.872
3.99
4.369
4.178
3.964
4.437
4.03
4.197
3.918
3.717
4.088
4.09
4.396
4.111
4.358
3.984
3.973
4.285
4.136
3.914
4.036
4.04
3.904
4.505
4.232
4.304
4.258
3.958
4.26
4.089
4.544
4.091
4.355
4.016
4.17
3.786
4.014
3.693
3.885
4.396
3.922
4.297
4.121
3.89
3.952
3.852
3.826
4.146
4.109
4.143
3.732
3.955
4.385
3.885
3.685
3.934
4.266
4.012
4.349
4.456
3.988
3.906
4.162
3.971
3.773
3.931
4.007
4.024
4.534
4.226
3.861
3.891
4.092
4.225
3.824
4.326
4.245
3.717
3.685
4.152
3.993
3.714
4.125
4.007
4.164
3.723
4.024
3.9
4.103
4.067
3.938
3.776
4.081
3.975
3.863
4.038
4.349
4.151
3.89
3.917
3.931
3.797
4.354
3.982
4.192
4.189
4.68
3.947
3.638
4.262
4.347
3.945
3.977
4.056
3.794
4.227
3.908
3.947
4.036
4.184
3.481
3.941
3.973
3.946
3.603
3.99
3.864
4.316
4.015
3.8
3.881
4.174
3.805
3.876
3.988
4.028
3.803
4.062
3.783
4.136
4.069
3.94
3.74
3.72
3.969
4.376
4.121
3.999
3.798
3.781
4.026
4.474
4.177
3.498
3.7
3.821
3.906
3.906
3.983
4.058
4.043
4.311
4.198
4.072
4.083
3.98
3.602
3.949
3.96
4.027
4.096
4.191
4.058
4.146
4.192
3.841
3.975
3.984
4.081
3.923
3.954
3.927
4.349
4.301
3.733
3.923
3.906
4.091
3.924
3.932
4.182
4.043
4.126
4.048
3.982
3.845
3.715
3.743
3.82
3.988
4.045
3.783
3.995
3.785
3.769
3.811
4.114
3.857
4.24
4.092
3.908
4.331
3.811
4.214
3.891
4.005
3.516
3.725
4.383
4.267
4.087
4.185
3.731
3.928
4.41
3.932
3.864
3.905
4.048
4.62
3.787
3.817
3.648
3.841
3.877
3.939
3.951
3.889
4.054
4.092
4.038
4.064
3.78
4.176
4.215
3.614
3.791
3.798
3.959
3.957
3.745
3.934
3.768
4.123
4.297
3.854
4.024
4.419
3.749
4.073
3.717
3.845
4.138
4.08
3.878
4.168
4.261
3.861
4.064
3.431
3.823
4.292
3.901
3.611
4.343
4.225
3.565
3.396
3.697
4.033
4.048
4.05
3.929
4.078
4.167
4.195
3.953
4.164
4.084
4.192
4.164
3.953
4.092
4.111
4.363
4.401
4.22
3.696
3.892
4.082
3.758
4
4.195
4.073
4.278
3.603
3.805
4.41
4.318
3.928
3.833
3.564
4.104
4.229
3.793
4.12
3.916
4.042
4.195
3.839
4.108
4.266
4.157
3.833
4.038
4.366
4.519
4.318
4.272
3.942
3.994
4.266
3.959
4.14
4.15
4.152
3.879
4.236
4.166
3.878
4.025
4.023
3.918
3.972
3.622
4.061
4.346
4.102
4.168
4.121
4.438
4.049
4.149
4.263
4.215
4.226
4.193
4.141
4.416
4.035
3.945
4.391
4.113
4.288
4.458
4.377
4.134
4.291
4.293
3.8
4.612
3.767
4.103
4.446
4.356
4.232
4.672
4.124
4.401
4.124
4.062
4.153
4.091
4.503
4.323
3.984
4.105
4.352
3.974
3.962
4.211
4.353
4.538
4.106
4.284
3.541
4.42
4.029
4.331
4.013
4.084
4.394
3.845
4.192
4.459
4.459
3.978
3.875
3.807
4.11
4.017
4.406
4.262
4.144
3.886
3.798
4.092
3.842
4.03
4.286
3.891
4.093
4.349
3.844
4.078
4.196
4.392
4.314
3.845
3.977
3.972
4.254
4.618
4.032
3.759
4.417
4.446
4.325
4.109
4.496
4.363
4.128
4.083
3.856
3.688
3.872
4.278
4.186
3.831
3.517
4.11
4.228
4.148
3.934
4.063
3.665
3.744
4.261
3.941
3.703
4.037
3.934
3.822
4.069
4.093
4.023
3.948
3.942
3.495
3.684
4.162
3.571
3.974
3.88
4.342
4.365
3.578
3.707
3.274
3.842
3.797
3.712
4.099
4.123
4.241
4.015
3.956
4.136
4.129
3.63
3.991
3.972
3.5
4.042
3.915
4.148
3.712
4.049
4.004
3.901
3.823
3.833
4.08
3.864
4
4.104
3.937
3.713
3.538
3.53
3.93
4.093
4.149
3.887
3.889
3.801
3.911
4.01
3.644
4.103
4.203
4.007
3.596
4.276
4.019
4.126
4.366
3.915
3.949
3.785
3.971
3.875
4.291
3.853
4.1
4.098
4.094
3.882
3.743
4.083
3.926
3.912
3.903
3.726
4.191
3.992
3.651
3.923
3.78
4.129
3.658
3.83
4.091
4.502
4.024
4.028
3.938
3.769
3.729
3.559
3.876
3.987
4.296
4.06
4.126
3.594
4.188
4.018
4.14
3.947
4.102
3.83
4.145
3.949
4.493
3.895
3.798
4.175
3.924
4.379
3.926
3.773
3.614
4.26
4.135
3.894
3.645
3.815
3.772
3.894
3.778
3.824
4.161
4.262
3.843
3.925
3.765
3.89
3.799
4.087
3.963
4.226
4.37
3.905
4.33
4.461
4.404
4.057
4.616
3.942
4.38
4.38
4.042
4.159
4.614
3.937
4.529
4.254
4.449
4.41
4.159
4.124
4.133
4.387
4.342
4.14
4.27
4.371
4.358
4.499
3.852
4.408
4.209
4.569
4.564
4.273
4.216
4.52
3.946
4.256
4.117
4.28
4.095
4.132
4.146
4.507
4.129
4.268
4.257
4.614
4.098
4.139
4.33
4.349
4.227
4.12
4.153
4.555
4.133
4.354
3.89
4.627
4.559
3.937
4.297
4.315
4.188
4.144
4.174
4.143
4.174
4.284
4.487
3.865
4.264
4.425
4.408
4.018
4.219
3.887
4.523
4.077
4.199
4.206
4.306
4.08
4.375
4.169
3.911
3.837
4.016
3.728
4.41
3.798
3.7
4.001
4.23
4.285
4.074
4.162
3.913
4.126
3.96
3.999
4.294
3.791
4.041
3.843
4.148
4.078
4.236
4.446
3.876
3.946
3.807
4.275
3.683
4.092
4.182
4.506
4.249
4.158
4.121
3.981
3.963
4.367
3.981
4.132
4.213
4.209
4.275
4.228
4.073
4.332
4.099
4.571
4.444
3.826
3.877
3.791
4.019
3.707
4.248
4.306
3.855
3.904
4.14
3.901
4.495
4.163
4.445
4.456
4.676
3.955
4.057
3.263
3.865
4.101
4.219
4.018
4.169
4.275
3.84
4.216
3.728
4.102
4.071
3.866
4.314
3.993
3.688
4.074
4.45
4.237
4.23
3.906
3.929
3.439
3.938
3.776
4.28
3.977
4.223
4.056
3.984
3.973
3.751
3.936
4.208
4.453
3.935
4.036
4.305
4.248
3.647
4.365
4.001
4.107
3.84
3.976
3.951
4.118
3.791
4.134
3.82
3.727
4.201
4.219
3.886
3.985
4.452
4.19
4.573
4.248
4.238
4.199
3.957
4.14
4.349
4.478
3.9
3.601
4.141
3.976
3.908
4.078
4.263
4.25
3.581
4.143
4.053
4.437
4.034
4.257
3.894
4
4.206
4.324
3.769
4.077
3.922
3.774
4.078
3.76
3.872
3.903
3.708
3.753
3.806
3.96
4.181
4.263
3.92
3.989
4.231
3.897
3.627
3.92
3.55
3.83
4.085
3.73
3.952
4.026
4.385
4.168
3.58
3.681
3.757
3.412
4.013
3.943
4.151
3.929
3.998
4.166
4.09
4.015
3.847
3.926
4.457
3.998
4.031
4.279
3.981
3.897
4.134
3.929
4.382
3.777
4.216
3.791
3.559
4.029
3.574
4.223
4.043
3.878
3.856
3.872
4.238
4.399
4.404
3.984
4.278
4.427
3.954
3.731
4.562
4.423
4.23
4.831
4.263
3.894
3.993
4.245
4.336
4.149
4.531
3.775
4.365
4.158
4.652
4.203
4.633
4.008
4.628
4.222
4.21
4.424
4.408
4.156
3.784
3.824
4.17
4.079
4.472
4.141
4.264
4.624
4.746
3.901
3.969
4.595
4.364
4.319
4.773
4.609
4.116
4.47
4.166
4.051
3.981
3.878
4.407
4.53
4.234
4.427
4.239
4.541
4.275
4.07
4.311
4.506
4.341
4.586
4.324
3.861
4.096
4.326
4.093
4.43
4.407
4.313
4.235
4.104
4.595
4.498
4.536
4.337
4.216
4.257
4.236
4.207
4.397
4.195
4.049
3.811
4.344
4.029
3.928
4.184
4.193
3.895
4.204
4.211
4.122
3.809
4.249
4.356
3.828
3.695
3.615
3.944
4.016
3.933
4.222
3.697
3.975
4.185
4.477
3.815
4.194
4.237
3.94
3.592
3.948
4.211
3.634
3.608
4.342
4.126
4.007
3.961
3.875
3.558
4.238
4.383
4.093
4.103
4.003
4.223
3.751
4.075
4.301
3.975
4.23
4.253
4.03
4.119
4.396
3.842
4.125
3.654
4.162
4.165
4.011
4.256
4.059
3.854
4.115
4.39
3.964
3.944
4.326
3.886
4.054
4.106
4.11
3.868
4.2
3.907
3.955
4.2
4.037
4.073
4.255
3.9
4.004
4.512
3.841
3.873
3.967
4.26
4.199
3.772
4.352
4.001
4.224
4.089
4.157
3.842
4.138
4.006
4.361
3.821
3.785
4.203
4.42
3.777
3.79
3.955
4.226
3.918
4.138
3.906
4.343
3.91
4.177
3.93
4.148
4.061
4.122
3.485
3.873
3.867
4.355
3.701
3.883
3.685
4.225
3.817
4.149
3.952
4.348
4.217
4.131
3.766
4.089
3.921
4.286
3.824
4.081
3.926
3.899
4.214
3.865
3.609
3.982
4.157
4.096
4.142
4.033
3.876
3.701
4.183
4.187
3.814
4.182
3.809
3.958
4.207
3.898
4.08
4.058
3.709
3.61
3.26
4.246
4.029
3.827
3.47
4.064
3.98
3.896
3.956
4.097
3.747
4.073
3.968
4.045
4.089
4.242
4.134
3.893
3.961
4.002
3.961
3.875
3.685
3.911
4.27
3.941
3.904
4.131
3.91
3.805
3.644
3.991
4.234
3.525
3.955
3.952
3.779
4.011
4.283
4.155
4.212
4.494
4.133
4.005
4.205
4.16
3.662
4.12
3.788
3.909
3.74
4.54
4.417
3.689
4.04
4.288
4.602
4.03
4.012
4.423
4.26
4.307
4.222
4.306
4.441
4.547
3.841
4.231
4.053
4.074
3.871
4.014
4.563
4.361
3.983
4.123
3.778
3.779
4.339
4.261
4.052
3.695
4.126
4.098
4.227
4.052
4.08
3.795
4.351
3.86
4.255
4.472
4.507
4.008
4.198
4.034
4.514
4.075
4.359
4.011
3.855
3.712
3.931
4.314
4.047
4.264
4.312
3.859
4.393
4.362
4.146
4.166
4.035
4.157
4.017
4.222
4.008
3.994
4.231
4.357
4.381
4.499
4.305
4.301
4.378
3.781
4.007
4.09
3.871
4.408
4.255
4.225
4.387
3.854
3.982
4.512
4.117
4.109
3.865
4.241
4.06
4.205
3.957
3.895
4.162
3.668
4.109
4.117
3.963
4.121
4.505
4.292
4.1
4.341
4.13
4.008
4.161
4.106
4.162
4.141
4.076
4.582
4.257
3.961
4.213
4.297
4.669
4.036
4.214
3.997
3.955
4.496
4.466
3.82
4.074
4.003
4.231
4.451
4.061
3.444
4.053
4.095
4.346
4.198
4.418
4.169
4.387
3.905
4.109
4.311
3.813
4.271
4.432
4.719
4.399
4.162
3.774
3.762
4.428
4.097
4.337
3.936
4.228
4.153
4.279
4.591
4.262
4.157
3.683
4.248
3.824
4.111
4.505
3.874
3.882
4.462
4.122
3.892
4.043
4.367
4.116
4.391
4.119
4.039
4.071
4.018
4.153
3.993
4.253
3.991
3.781
4.226
4.152
3.99
4.121
4.066
4.396
3.98
4.11
4.027
4.455
4.293
3.815
4.011
4.033
4.069
3.87
3.859
4.12
4.38
3.917
4.202
4.079
4.28
4.104
4.146
4.065
3.942
4.11
4.513
4.262
4.468
3.824
3.926
4.044
3.988
4.291
3.975
3.923
4.504
4.233
3.868
4.165
4.464
4.115
4.331
4.061
4.263
3.746
4.092
3.838
3.838
3.934
3.953
4.095
4.036
3.961
3.868
4.242
4.306
4.223
3.599
3.751
4.096
3.809
3.854
4.192
4.336
4.003
3.661
4.094
3.873
4.005
4.105
3.939
3.828
3.981
4.139
4.508
3.88
3.741
4.178
4.216
4.261
4.185
4.132
3.746
3.994
4.407
3.795
3.519
4.261
4.037
3.845
3.681
4.093
4.069
4.209
4.217
4.364
3.741
3.867
3.707
4.339
4.122
4.119
3.79
3.936
3.749
4.259
3.942
4.109
4.327
4.302
3.756
3.532
3.93
3.768
3.965
3.323
3.827
4.162
3.738
3.715
4.028
4.002
3.992
4.131
3.459
3.562
3.828
3.507
3.665
3.87
3.863
3.984
3.876
3.43
3.839
4.011
4.223
3.546
3.979
3.965
3.884
4.108
3.698
4.091
3.896
3.956
4.098
3.919
4.028
3.73
3.852
3.98
4.026
3.829
4.004
4.132
4.072
4.474
4.042
4.343
4.161
4.202
4.492
4.456
4.4
4.216
4.263
4.324
4.481
3.905
4.216
4.245
4.098
4.233
4.283
3.842
3.971
4.371
4.082
4.256
3.944
4.641
4.203
4.15
3.93
4.066
4.27
4.434
4.261
4.396
4.071
4
3.336
3.783
4.29
4.098
4.208
4.442
3.959
4.309
4.317
3.833
4.502
3.82
4.409
4.622
4.147
4.181
4.366
3.969
4.275
4.359
4.508
3.612
4.049
4.095
3.833
3.902
4.116
4.284
3.769
4.058
3.94
3.786
3.86
4.241
3.897
4.097
4.13
3.893
3.929
3.917
3.955
3.984
4.172
4.118
4.238
4.551
3.957
4.186
3.819
4.043
4.114
3.859
4.21
3.857
4.245
3.76
3.941
4.127
3.644
4.075
4.101
4.319
4.156
4.279
3.952
3.766
4.078
3.547
4.215
4.207
4.362
3.712
4.434
3.808
3.786
4.321
3.984
3.968
3.596
3.879
4.429
4.195
3.848
3.806
3.752
4.273
4.077
3.568
3.914
4.089
4.065
4.041
3.904
3.851
4.232
3.86
4.231
4.589
4.191
4.251
4.402
3.751
4.34
3.822
4.268
4.153
4.336
4.161
4.448
3.956
4.125
4.275
3.911
3.493
3.731
4.158
4.27
4.019
4.242
4.034
4.111
4.405
3.969
4.531
3.96
3.928
4.365
4.202
4.245
4.321
3.882
4.209
4.412
4.125
4.291
4.507
3.803
4.075
3.73
4.294
3.832
4.144
4.47
4.185
3.979
4.025
4.191
4.033
4.381
4.092
4.273
3.632
4.063
4.049
4.112
4.397
3.939
4.116
4.322
4.186
4.542
4.11
4.191
4.187
4.117
4.401
3.994
3.958
3.988
4.392
4.46
4.202
4.435
3.965
3.983
3.974
4.162
3.986
4.126
3.796
3.821
3.934
4.066
3.978
4.198
4.196
4.135
4.236
4.191
4.457
3.94
3.782
3.9
3.564
4.034
4.055
4.503
4.286
4.279
4.111
4.171
3.795
4.036
4.117
4.096
3.935
3.68
4.211
4.178
4.243
3.88
4.065
4.065
4.202
4.088
3.776
4.281
4.3
4.094
4.312
4.061
4.424
4.328
4.105
4.081
4.022
3.903
3.999
4.138
3.739
4.042
4.087
4.174
4.148
3.611
4.34
4.217
3.895
4.055
3.896
4.356
3.966
4.031
4.372
3.799
3.743
3.739
4.241
3.838
4.299
4.306
4.007
3.628
3.707
4.008
3.49
3.765
4.015
4.049
3.712
3.991
4.066
3.922
3.906
4.121
4.317
4.048
3.396
3.986
3.782
3.922
3.827
4.404
4.093
3.976
3.941
4.217
3.948
4.267
4.144
4.286
4.305
4.251
4.196
4.319
4.301
3.966
4.112
4.198
4.47
4.181
4.081
4.111
3.982
4.08
4.278
4.297
4.05
3.751
4.016
3.95
3.862
4.375
3.791
3.927
4.118
4.138
3.927
4.357
4.231
4.29
3.992
3.805
3.654
3.874
3.706
3.936
3.99
4.23
4.168
4.091
4.208
4.149
3.788
3.934
4.227
4.42
4.025
4.297
3.886
4.192
4.308
3.741
4.15
3.947
4.612
3.864
3.929
4.061
4.008
4.501
4.107
4.006
3.757
4.238
3.701
4.29
3.985
4.16
3.765
4.162
3.992
3.92
3.991
3.606
3.895
4.199
3.871
4.139
3.879
3.781
3.896
4.323
3.798
3.92
3.329
3.851
4.055
4.095
3.911
4.432
4.195
3.761
3.587
3.574
3.835
3.696
3.829
4.039
4.023
3.921
4.031
4.136
3.685
4.104
4.053
3.479
4.052
4.181
4.177
3.834
4.187
3.585
4.053
4.005
4.139
3.916
4.411
3.742
3.994
4.288
3.957
4.412
3.984
3.957
4.301
4.012
4.615
3.91
4.115
3.989
3.913
4.092
4.062
4.095
3.77
4.28
4.176
4.205
3.977
3.745
4.053
4.022
3.804
3.793
3.957
3.922
3.417
4.448
4.312
4.321
4.11
4.018
3.573
3.969
3.835
3.967
3.526
4.033
4.277
4.194
4.232
3.798
4.112
4.039
3.709
3.934
4.015
3.83
4.314
4.191
3.567
3.975
3.742
3.985
4.276
4.123
4.237
4.001
4.372
4.619
4.439
4.274
4.293
3.58
4.153
3.976
3.611
3.888
4.092
4.003
4.059
4.164
4.201
4.166
3.887
4.088
4.143
3.672
4.241
3.499
4.274
3.966
4.364
3.791
4.275
4.513
4.262
4.413
4.007
4.121
4.082
4.055
3.891
3.998
4.313
4.017
4.336
4.173
3.969
3.962
4.171
4.259
4.062
4.066
4.325
3.687
4.345
4.092
4.455
3.956
3.769
4.34
4.422
4.118
4.093
4.262
4.029
4.356
4.29
4.278
4.258
4.292
4.324
4.292
4.103
4.079
4.194
4.098
4.177
4.3
4.416
3.802
4.129
4.21
4.21
4.415
4.053
3.958
4.165
3.863
4.258
4.195
4.282
4.141
4.112
4.411
3.872
4.08
3.368
4
4.223
4.073
4.242
3.827
3.891
4.158
3.99
3.64
3.963
4.17
4.305
3.784
4.117
4.161
4.119
4.034
4.094
3.907
4.496
4.2
3.676
4.537
4.59
3.971
4.438
3.996
3.725
4.57
3.976
4.186
4.013
4.281
4.458
4.58
4.421
4.417
4.248
4.231
3.952
4.066
4.667
4.579
4.091
3.909
4.026
3.984
4.144
4.485
4.195
4.078
4.379
4.117
4.221
4.182
4.219
4.184
4.074
4.32
4.303
3.763
4.446
3.811
3.9
4.012
4.409
4.001
4.381
4.069
4.023
4.275
4.144
3.98
3.71
3.983
4.142
4.104
4.337
4.34
4.33
3.671
4.269
3.732
4.115
4.254
3.934
4.03
4.248
3.824
4.152
4.053
4.009
4.411
3.857
4.156
4.314
3.882
4.092
3.783
3.646
3.913
4.54
3.913
4.063
3.979
3.967
4.397
3.982
4.327
3.731
4.147
4.075
4.125
3.948
4.022
3.808
4.134
4.266
3.725
3.973
3.815
3.962
4.038
3.558
3.859
4.523
4.229
3.671
3.691
3.867
3.859
3.744
4.182
4.2
4.085
4.031
3.799
4.37
4.143
4.418
3.914
4.125
4.117
4.312
4.159
3.976
4.255
4.173
3.984
3.921
4.163
4.21
3.904
3.921
3.716
4.036
4.061
3.972
3.822
4.009
4.189
4.061
4.078
3.964
3.999
4.023
3.743
4.263
4.245
4.23
4.369
4.074
4.135
4.267
4.203
3.975
4.262
4.114
3.935
4.131
4.276
3.97
4.224
4.056
4.222
4.263
3.603
4.124
3.93
3.897
4.076
4.001
3.916
4.11
4.042
3.948
4.122
4.008
3.909
4.32
3.979
4.217
3.855
4.293
4.225
3.786
4.138
3.955
4.05
3.9
3.692
3.936
4.129
4.101
3.871
3.901
3.639
3.776
3.953
3.84
4.041
3.833
4.195
3.895
3.981
3.616
3.593
4.032
3.877
3.714
3.713
4.024
4.481
3.981
4.503
4.103
4.114
4.602
4.63
4.397
3.926
3.883
4.636
4.371
4.126
3.734
4.236
3.821
4.288
4.258
4.274
4.456
3.835
3.761
3.825
3.974
3.887
4.076
3.709
3.915
4.047
4.429
4.299
4.055
3.891
4.609
4.308
3.72
4.058
3.961
4.051
3.738
4.122
3.561
4.211
4.173
4.115
3.592
4.044
4.333
3.847
4.066
4.253
3.927
4.301
4.336
4.374
3.815
4.02
4.691
4.321
4.337
4.101
4.164
3.994
4.146
4.072
4.216
4.325
4.176
3.52
4.236
4.013
4.103
4.177
3.891
4.451
4.191
4.19
4.171
3.652
3.535
4.06
4.408
4.197
4.117
4.049
3.875
4.07
4.058
4.26
3.842
4.155
4.131
4.255
4.28
4.607
4.069
3.994
4.593
4.368
4.292
4.4
4.027
4.015
3.988
3.993
4.085
4.23
4.346
4.042
3.566
3.777
4.162
4.212
3.684
4.018
3.275
4.06
3.92
3.871
3.981
4.136
3.885
3.673
3.749
3.965
4.135
3.732
4.085
3.94
3.924
4.234
4.041
3.675
4.187
4.365
3.867
4.073
3.636
3.632
3.835
3.78
3.88
3.93
4.161
4.518
3.995
3.954
4.277
4.07
4.073
4.58
3.968
4.299
4.105
4.253
4.375
3.8
3.996
3.855
4.017
4.095
4.164
3.652
4.383
4.067
3.998
4.28
4.049
3.979
4.26
3.834
4.111
3.963
4.356
3.948
4.005
3.831
4.292
3.891
4.054
4.028
3.658
4.223
4.254
3.981
4.237
3.945
4.085
4.026
3.86
4.072
4.378
3.945
4.123
3.874
4.17
3.776
3.778
4.22
3.943
4.369
4.239
4.263
4.556
3.93
3.995
4.121
3.769
4.295
4.068
4.197
4.051
3.971
4.035
4.259
4.286
4.245
4.502
4.027
4.195
3.914
3.811
3.737
4.137
4.056
4.229
4.147
4.108
3.992
4.208
4.273
4.232
4.093
3.922
3.823
4.21
4.209
4.099
4.481
4.385
4.188
4.05
4.128
3.999
3.855
4.385
4.092
4.361
3.867
4.177
4.393
4.24
4.115
4.227
3.804
4.62
3.927
4.24
4.154
3.984
4.081
4.285
4.073
3.512
4.12
4.278
3.809
3.899
4.275
4.125
4.132
4.003
3.494
4.211
3.846
3.842
4.264
4.582
4.439
4.401
3.888
4.156
4.008
4.022
3.897
4.031
3.93
4.263
3.69
3.972
4.042
4.017
4.346
4.424
4.381
4.324
4.383
4.226
3.784
4.098
4.074
4.367
4
3.751
4.345
4.11
3.732
3.75
4.366
3.888
4.044
4.132
4.073
3.857
4.018
4.178
3.863
3.972
3.946
4.186
4.154
3.972
3.947
3.975
4.531
4.55
3.773
3.947
4.46
4.058
4.103
4.312
4.09
3.868
4.159
3.99
3.828
4.234
4.547
3.848
4.445
4.209
3.824
4.182
3.872
3.795
4.12
4.003
4.218
3.946
4.255
4.157
4.526
4.347
4.357
4.113
3.727
3.731
4.174
4.037
4.032
3.853
4.131
4.013
4.066
4.108
4.169
4.118
4.19
4.112
4.23
4.039
3.99
3.576
3.983
4.594
4.212
4.277
4.143
3.98
3.835
4.155
4.07
3.984
3.973
4.585
4.055
3.949
3.834
3.916
3.988
3.783
3.945
3.403
4.032
3.898
4.011
4.152
4.026
4.29
3.932
4.073
3.618
3.702
4.26
4.132
3.73
3.566
4.118
3.733
4.125
4.11
3.692
4.289
4.213
3.498
3.793
4.131
4.127
3.717
3.919
3.7
3.924
4.311
3.845
4.784
3.798
4.177
4.408
4.153
3.719
3.712
3.933
4.23
4.164
3.895
3.903
4.118
3.737
4.151
3.932
4.006
4.058
4.066
3.636
3.325
3.841
3.593
4.046
3.953
4.017
3.896
3.811
4.13
3.935
3.781
4.289
3.99
3.998
3.746
4.285
3.459
4.25
4.438
4.032
4.062
4.379
4.145
3.953
4.58
4
4.132
4.111
4.706
4.043
3.759
4.241
4.03
4.242
4.259
4.062
4.482
4.644
4.118
4.072
4.217
3.952
4.159
4.184
4.165
4.084
4.052
4.079
4.319
3.989
4.193
4.419
4.546
4.259
4.393
3.69
4.056
3.863
3.9
3.816
4.409
4.191
3.696
4.029
3.804
4.473
4.14
4.236
3.928
4.109
3.896
4.203
4.063
3.753
3.64
4.028
4.355
4.344
4.311
4.23
4.034
4.206
4.12
3.837
4.173
4.425
4.242
3.79
4.073
4.095
4.236
4.262
4.074
3.922
4.11
4.031
3.82
4.04
4.066
3.906
3.786
4.396
4.049
4.201
3.989
4.317
4.132
4.447
3.964
4.146
4.015
4.495
4.653
4.122
3.932
3.847
3.735
4.232
4.12
4.362
4.102
4.197
3.944
3.782
3.543
4.219
3.915
4.195
3.781
4.244
3.853
4.213
3.994
4.057
4.33
4.296
3.96
3.858
4.117
3.923
3.641
4.362
4.248
3.906
4.402
3.888
4.316
4.345
4.362
4.211
4.526
4.246
3.553
4.317
4.26
4.437
4.621
3.955
3.996
4.054
3.743
4.377
4.171
4.341
3.973
4.041
4.051
4.022
3.816
4.219
3.733
4.504
4.086
4.398
3.89
3.815
3.725
3.981
3.895
4.177
3.554
3.959
3.971
4.141
4.184
3.755
4.159
4.085
4.357
4.182
4.061
4.1
3.964
4.006
3.761
4.321
4.182
4.25
4.121
4.138
3.79
4.161
3.974
4.336
3.911
3.818
3.796
3.868
3.991
4.026
4.394
4.489
3.897
3.573
4.164
4.139
3.889
4.358
3.942
4.087
3.968
4.213
3.816
4.273
4.076
3.935
4.117
3.491
4.188
3.692
3.719
3.292
3.43
4.1
3.985
4.036
3.512
3.698
3.703
3.405
3.686
4.14
3.713
3.758
3.995
3.859
3.835
3.999
3.937
4.054
3.918
3.503
3.909
4.152
3.991
4.115
4.026
4.106
4.552
3.925
4.303
4.124
4.391
4.023
4.079
3.855
4.128
4.052
4.213
3.92
3.961
3.902
3.946
4.212
4.214
4.236
3.676
4.166
3.897
4.014
4.037
4.1
4.103
4.341
4.086
4.23
3.767
3.864
4.084
3.703
3.77
3.96
3.78
3.552
3.89
3.965
3.914
4.05
3.997
3.782
3.854
3.903
4.093
3.451
3.927
4.125
4.106
3.941
3.704
3.749
3.842
3.664
3.81
3.544
3.918
4.135
3.832
4.08
3.85
3.794
3.91
3.851
4.219
4.234
4.265
4.103
4.187
3.934
3.925
3.561
4.048
4.118
3.924
3.65
4.186
3.845
4.207
4.13
4.246
3.901
3.813
4.174
3.728
3.988
3.926
3.87
3.676
3.77
3.942
3.663
3.789
4.071
3.975
4.187
4.355
4.468
3.933
4.225
4.061
4.247
4.201
4.208
4.102
4.269
4.09
3.87
4.31
4.235
4.203
4.104
4.11
4.069
4.042
3.925
4.468
3.787
4.118
4.156
3.483
4.06
4.312
3.713
4.237
4.306
3.924
4.223
4.414
4.199
4.303
4.195
3.719
3.979
4.423
4.33
3.899
4.369
4.044
4.172
4.463
3.817
4.286
4.508
3.854
4.634
4.038
4.389
4.159
3.876
4.289
4.436
4.478
4.278
3.875
4.061
4.179
4.528
4.221
4.309
4.299
4.039
3.572
4.397
4.106
4.24
3.945
3.811
4.397
4.237
4.35
3.82
4.456
3.952
4.66
4.18
4.074
4.061
3.925
4.331
3.544
4
4.036
3.9
3.798
4.081
3.803
4.533
4.147
3.938
4.479
4.342
4.133
3.871
4.283
3.757
3.629
3.602
4.513
4.259
4.171
4.326
3.884
3.982
3.881
3.951
4.415
4.091
4.064
3.669
3.615
4.141
3.816
3.778
4.195
4.076
4.001
4.203
4.295
3.926
3.968
4.049
4.511
3.897
4.065
3.972
3.934
4.198
4.039
3.841
4.071
4.187
3.595
4.435
4.398
3.678
4.36
4.06
4.266
3.947
4.107
4.031
3.712
4.098
4.085
4.118
3.945
4.279
4.149
4.266
4.414
4.202
4.011
4.105
3.817
3.914
4.373
3.95
4.002
3.807
3.886
4.182
4.244
4.191
4.101
4.037
4.23
3.88
3.958
4.068
3.991
3.973
3.88
4.33
4.038
3.932
3.687
3.959
4.228
4.114
3.889
4.23
4.445
3.518
4.177
4.379
3.927
4.031
4.281
3.815
3.738
3.859
3.739
4.18
4.047
4.119
4.105
4.187
3.986
3.791
4.063
4.021
3.691
3.993
4.22
3.922
3.988
4.098
3.872
4.18
4.13
3.589
3.836
3.957
3.793
3.94
3.774
3.822
4.522
3.68
3.766
4.155
4.197
4.183
3.814
4.132
4.526
4.096
4.469
4.279
3.738
4.034
3.958
4.439
4.297
4.306
3.735
4.378
3.857
4.136
4.351
3.736
3.895
4.138
4.133
3.643
4.051
4.064
3.931
4.243
3.73
4.083
4.375
3.625
4.443
3.917
3.526
4.038
4.237
3.54
3.869
4.29
3.782
4.127
4.06
4.08
3.759
3.86
3.845
4.077
3.728
4.086
4.457
4.353
4.146
4.346
4.274
3.78
4.076
3.841
4.348
4.254
3.892
4.298
3.922
3.815
4.042
4.092
3.898
4.172
4.054
4.019
4.05
3.788
4.569
3.861
4.206
4.603
4.122
3.748
4.196
3.843
4.465
4.303
4.005
4.2
3.738
3.703
3.997
4.216
4.087
3.893
3.755
4.219
4.027
3.946
4.335
4.087
4.277
4.111
3.756
3.786
3.625
4.121
4.047
3.975
3.979
3.755
3.96
3.84
3.85
3.91
3.679
3.705
3.579
4.403
3.994
4.456
4.083
4.262
3.987
3.875
3.789
4.063
4.16
4.103
3.969
3.835
3.862
3.986
3.602
4.239
4.082
3.968
4.265
4.36
4.556
4.284
4.27
4.145
4.374
3.929
4.188
4.322
3.819
4.249
4.165
4.366
4.192
4.055
4.08
4.151
4.458
4
4.192
4.255
4.03
4.258
4.025
3.66
4.274
4.194
3.986
4.291
4.281
4.46
4.586
4.222
3.999
4.348
4.313
4.012
4.54
4.003
4.235
3.988
4.309
4.348
4
4.113
4.071
4.05
3.866
4.177
4.348
4.574
4.246
4.463
4.126
4.229
4.227
4.32
3.856
4.33
4.205
4.045
4.354
3.911
4.285
4.077
4.418
4.881
4.538
4.208
4.747
3.867
4.254
4.329
4.301
4.308
3.969
4.447
3.858
3.804
4.384
4.022
4.163
4.32
4.238
3.657
3.644
4.086
3.865
4.125
4.028
4.129
3.965
4.169
4.043
4.202
4.32
4.089
3.956
3.711
3.9
4.098
4.249
3.75
4.196
4.327
4.014
4.051
4.56
4.426
4.317
4.006
3.795
4.064
4.002
4.27
4.283
3.789
4.429
4.139
3.858
4.22
4.165
3.991
3.746
4.286
4.328
4.201
4.286
4.406
3.957
3.915
4.077
3.76
4.325
4.141
4.044
4.544
4.419
4.072
3.879
4.419
4.276
3.975
3.958
4.29
4.258
4.045
3.928
3.676
4.26
3.914
3.867
4.687
4.044
4.135
4.323
4.248
4.221
4.298
4.554
4.269
3.588
4.188
4.528
4.456
4.34
4.649
4
4.086
4.056