X
12.78
12.73
12.67
13.07
12.87
12.83
12.83
12.41
12.57
12.92
12.86
12.99
13.13
12.89
12.78
12.71
12.6
13.07
12.75
13.08
13.19
12.76
12.8
13.15
12.88
12.86
12.74
13.05
12.94
12.78
12.76
12.9
12.59
13.3
12.94
12.73
13.04
13.34
12.59
12.55
13.46
12.84
12.85
12.94
12.63
13.13
12.91
12.97
12.9
13.07
13.35
12.58
12.97
12.59
13.1
12.71
12.89
12.8
12.69
13.04
12.93
12.85
12.85
12.56
12.94
13.07
13
12.88
12.94
13.15
13.1
12.99
12.62
13.04
13
13.13
13.14
12.77
12.91
12.64
12.59
12.33
12.79
13.01
12.94
13.02
13.02
12.77
12.95
13.31
13.28
13.09
12.96
12.95
12.75
12.69
12.61
13.22
12.53
12.95
12.89
12.94
12.98
12.62
13.17
13.16
12.92
12.67
12.69
12.5
12.77
12.7
12.72
12.94
12.92
12.95
12.84
12.79
12.79
12.51
12.77
13.3
12.83
12.73
12.52
12.82
12.93
12.56
12.83
13.14
12.69
12.78
13.2
12.85
12.76
13.42
12.62
13.02
12.49
13.35
12.94
12.73
13.2
12.68
13.07
13.3
13.09
12.78
12.47
13.09
12.82
12.99
12.76
12.83
12.96
13.02
13.01
12.72
13.01
12.77
12.77
12.89
12.7
13
13.13
12.72
12.99
12.9
12.8
12.98
12.65
12.42
12.74
13.04
12.77
12.58
12.84
12.83
12.66
12.88
13.18
12.66
12.51
12.77
12.89
12.48
12.61
12.85
13.37
12.97
12.89
13.03
12.78
12.98
12.71
12.53
12.94
13.11
13.13
12.95
13.17
12.66
12.93
12.83
12.96
12.75
12.98
12.58
12.85
12.92
13.35
13.25
13.13
12.94
13.04
12.49
13.16
13.08
13.13
12.95
12.83
13.09
13.04
13.12
12.59
13.08
12.6
12.97
12.79
12.61
13.5
13.13
12.8
13.15
13.04
13.1
12.55
13.31
12.81
13.18
13.35
13.05
13.09
12.88
12.94
12.93
12.9
13.26
13.1
12.83
12.88
13.1
13.05
13.33
12.81
12.92
12.83
12.94
12.6
13.22
13.37
13.26
12.85
12.66
12.66
12.99
12.6
12.94
12.62
12.39
13.2
12.79
12.94
13.32
12.59
12.69
12.81
12.75
13.04
12.97
12.75
12.64
13.01
13.05
12.91
12.96
13.01
13.27
13.19
12.46
12.68
12.72
12.56
13.01
12.81
12.68
12.74
13.15
12.99
12.81
13.19
12.87
12.83
12.85
12.67
12.84
13.01
12.89
12.81
12.93
13.13
12.67
12.81
12.92
12.83
12.85
13.21
12.71
12.93
13
12.72
12.78
13.34
13.29
13.09
13.03
12.94
13.19
13.17
12.56
13.41
13.09
12.8
12.71
12.85
13.15
13.08
12.68
12.95
12.69
13.23
13.31
13.01
13.03
13.16
12.96
12.51
12.56
12.67
13.03
12.95
13.01
12.58
13.07
12.75
12.95
12.75
12.78
12.94
13.54
13.03
12.7
12.65
13.04
12.73
13.08
12.83
12.52
13.09
13.1
12.61
12.99
12.6
12.62
12.99
12.75
12.67
12.78
13.26
13.17
12.93
13.13
12.98
12.87
13.32
13.07
13.08
12.77
12.67
12.94
13.04
13.12
12.58
13.31
12.85
13.17
13
12.74
12.6
12.63
12.23
13.1
13.27
12.94
13.01
12.93
12.82
13.17
12.61
12.89
12.74
12.82
12.93
13.12
12.7
12.96
12.85
13.08
13.3
12.97
12.64
13.09
12.75
13.1
13.16
12.83
13.33
12.82
12.67
12.48
13.01
13.25
12.81
13.03
12.87
12.88
12.66
12.65
12.7
12.99
12.78
12.59
12.44
12.63
13.2
13.13
13.16
12.53
12.79
13.14
13.25
12.61
12.9
12.77
13.47
13.05
12.53
12.66
12.68
12.95
12.77
12.84
12.55
12.77
12.88
13.17
12.81
13.1
12.6
13.03
12.89
13.36
12.85
12.45
12.7
12.91
13.04
12.85
12.72
12.99
13.27
13.02
12.24
12.73
13.09
12.71
12.69
12.94
13.22
12.82
12.91
12.73
13.04
12.88
12.92
12.69
12.73
13
12.82
12.81
13.13
12.56
12.93
12.7
12.87
12.65
12.87
13.03
12.84
12.84
13.01
12.98
12.67
12.93
13.22
12.84
12.76
13.01
13.01
12.94
12.58
13
13
12.78
12.39
12.83
12.93
12.74
12.76
12.92
12.64
12.78
12.78
13.01
12.82
13.37
12.36
12.75
12.88
12.96
12.6
12.82
12.49
13
13.14
12.74
12.94
13.17
12.82
12.67
12.89
12.49
13.18
13.06
13.07
12.7
12.97
13
12.68
13
13.17
12.7
12.54
12.84
12.52
12.78
13
12.43
12.83
12.77
13.06
12.96
12.53
13.12
13.34
12.88
12.83
12.62
12.75
12.5
13.04
12.63
12.74
12.71
12.79
12.47
12.74
12.31
12.61
12.68
12.76
13.01
13.08
12.81
12.62
13.23
12.4
12.59
12.79
12.87
12.65
13.26
13.13
12.27
13.08
12.58
13.04
12.65
12.79
13.03
13.1
12.63
12.51
12.78
12.41
13.05
12.97
12.82
12.56
12.89
12.96
12.87
12.78
12.86
12.8
13.37
12.93
12.68
12.75
12.97
12.7
12.77
12.66
12.93
12.57
12.98
12.44
12.36
12.87
12.89
12.28
12.67
12.84
13.11
13.2
12.77
12.55
12.78
12.97
12.36
12.84
12.67
12.86
12.95
13.07
12.5
12.57
12.27
12.61
12.78
13.32
12.13
12.74
12.88
12.59
13.35
12.87
12.66
12.83
13.56
13.06
12.32
12.59
12.92
12.72
12.6
12.16
12.81
12.1
12.68
12.36
12.59
12.45
12.69
13.21
12.92
12.52
12.78
12.8
12.56
12.8
13.06
12.36
12.67
12.92
12.89
12.61
12.59
12.6
12.64
12.54
12.7
12.74
12.72
12.52
13.03
12.75
12.62
12.48
12.64
12.5
12.28
13.04
12.81
12.77
13.03
12.63
12.9
13.15
12.54
13.13
12.9
12.78
12.68
12.79
12.81
12.81
12.96
12.63
12.65
12.75
12.96
12.95
12.36
12.55
12.42
13.23
12.75
12.12
12.79
12.49
12.68
12.55
12.56
12.46
12.86
12.77
13.04
12.54
12.44
12.56
12.55
12.93
12.83
12.52
12.81
13.03
13.03
13
12.8
12.52
12.43
12.88
12.51
12.83
12.98
13.27
12.99
12.34
13.09
13.11
12.59
12.73
13.3
13.09
13.06
13.05
12.87
13.02
12.75
13.09
13.45
13.26
12.92
13
12.67
13.25
13.07
12.9
12.52
13.08
12.82
12.82
13.04
13.11
12.83
12.57
12.84
12.93
12.8
12.99
12.98
12.69
12.75
13.15
12.67
13.03
12.9
12.8
13.25
13.23
13
12.9
12.7
12.55
12.81
12.94
13.06
12.94
12.78
13.06
12.72
12.89
13.12
12.57
12.73
12.99
12.8
13.2
12.72
12.96
12.81
13.07
13.1
12.74
13.01
13.06
12.79
12.88
12.8
12.68
12.59
13.02
12.85
12.92
13.2
13.14
12.47
13.21
12.52
12.78
12.82
12.92
12.83
13.24
12.99
13.15
12.88
13.2
13.07
12.91
13.13
13.05
13.2
13.13
12.9
12.55
13.03
13.25
13.49
13.06
13.05
12.87
12.85
13.03
13.03
13.21
13.55
12.77
13.07
12.71
12.92
13.19
12.65
13.28
13.14
13.28
13.1
13.22
13.11
12.77
13.23
13.25
12.73
12.91
13.21
12.98
12.84
13.26
13.27
13.08
13.36
13.02
13.44
12.64
13.21
12.81
12.87
13.05
13.05
13.29
13.1
13.4
13.15
13.09
12.69
13.28
13.01
12.97
13.31
13.34
12.98
13.07
13.31
12.98
12.95
13.08
13.24
12.94
12.87
13.34
13.02
12.91
12.79
13.14
12.99
12.9
13.34
12.79
13.08
13.12
13.13
12.92
13.1
13.17
12.64
12.7
12.91
13.24
12.73
12.63
12.77
12.85
13.11
12.39
12.83
12.47
13.12
12.82
12.68
13.11
12.67
13.06
12.61
12.66
12.99
13
12.78
12.77
12.65
12.56
12.48
13.16
13.09
12.94
12.77
13.28
12.47
13.07
13.05
12.66
12.76
12.49
13.14
12.52
13.06
12.71
12.52
12.99
13.01
12.92
13.05
13.04
13.09
12.96
12.84
13.05
12.46
12.78
13.48
12.81
13.18
12.83
12.66
12.72
12.81
12.83
12.69
12.96
13.17
12.96
13.01
12.54
12.85
12.62
12.39
13.24
12.73
12.79
13.19
12.93
12.71
12.94
12.52
12.64
13.09
12.94
12.51
12.6
12.76
12.47
12.86
12.73
12.6
12.96
13
13.03
12.85
12.53
12.57
12.89
12.59
12.5
12.62
12.7
12.99
12.67
12.8
12.8
12.67
12.66
12.68
12.5
12.98
12.91
12.57
12.8
12.96
12.85
12.52
12.89
12.87
12.91
12.61
12.86
12.71
12.79
12.98
13.16
12.54
13.06
12.86
12.83
12.57
13.04
13.29
12.66
12.85
12.72
13.31
12.97
12.85
12.89
12.98
12.95
13.08
12.58
12.64
12.83
12.64
12.93
12.5
12.83
12.57
12.59
12.59
13.18
13.05
12.79
12.84
12.74
12.78
13.24
12.96
12.7
12.79
12.63
12.67
12.99
12.92
12.73
13.3
12.63
12.34
13.13
13.21
12.35
12.75
12.88
12.85
12.8
12.87
12.77
12.76
12.75
12.86
12.53
12.85
12.71
12.83
12.84
13
12.71
12.8
12.79
12.52
13.2
13.15
12.47
13.26
12.93
12.96
12.61
12.91
13.12
13.11
12.87
12.67
12.86
13.19
13.05
13.21
13.09
13.25
12.55
13.11
13.18
12.84
13.36
12.77
13.06
12.59
12.99
12.75
12.95
13.02
12.81
12.81
12.95
12.96
13.28
12.83
13.35
12.86
12.67
12.9
13.12
12.78
13.18
12.69
12.79
12.8
12.77
12.76
13.33
12.83
13.07
12.65
12.72
12.71
12.83
12.69
13.05
12.74
12.77
12.78
12.98
12.76
12.74
12.99
12.65
12.95
12.87
12.87
12.41
12.87
12.83
12.65
12.95
12.78
13.2
12.83
12.75
12.71
12.98
13.28
13.12
12.96
12.91
12.7
13.06
12.85
13.08
13.19
12.86
12.77
13.02
13.1
12.92
12.93
12.74
13.37
12.99
12.37
12.73
13.34
13.01
12.76
13.22
12.89
12.9
12.48
13.03
12.93
12.91
13.2
12.67
13.02
12.74
13.24
12.86
12.65
13.19
13.29
13.22
13.29
13.34
13.15
12.63
12.74
12.77
12.55
12.83
13.13
12.9
13.09
12.61
13.13
13.04
12.94
12.81
12.77
13.08
13.16
12.94
12.29
12.89
12.67
12.92
12.86
12.87
13.14
12.31
13.56
13.03
12.59
12.74
13.02
12.77
12.52
13.15
12.74
12.8
13
13.15
12.8
13.04
13.14
13.17
12.76
12.67
12.95
12.83
12.64
12.55
12.74
12.92
12.76
12.96
12.71
12.98
12.4
13.23
12.75
13.15
13.04
12.42
13.02
12.88
13.12
12.97
12.74
12.96
13.18
12.98
12.71
12.94
12.74
12.88
13.14
12.51
12.6
12.67
12.87
12.74
13.29
12.55
12.89
12.89
12.66
12.85
12.91
13.02
12.78
13.08
12.8
12.77
13.01
12.85
13.01
12.84
12.83
12.54
12.98
12.62
12.77
12.72
12.9
12.97
13.51
13.18
12.85
12.64
12.59
13.13
12.74
12.87
12.97
12.78
13.08
12.84
12.53
12.9
12.61
12.89
12.8
12.67
12.61
12.78
12.8
13.2
12.87
13.08
13.1
12.53
12.99
13.07
12.56
13.09
12.94
12.87
13.06
12.95
13.31
13.29
12.99
12.88
12.91
12.56
13.11
13.16
12.84
12.96
13.17
12.82
12.79
13.29
13.54
12.77
12.52
13.1
12.56
13.15
13.5
13.09
12.68
13.08
13.15
12.66
12.88
13.48
12.75
12.85
12.88
13.19
12.86
12.92
12.64
12.61
12.98
12.98
12.9
12.89
12.89
12.99
13.31
12.94
12.77
12.61
13.05
12.77
12.85
12.32
12.85
13.22
12.96
13.26
13.01
12.86
13.11
12.87
12.96
12.67
12.93
13.02
13.41
12.79
13.06
12.35
12.43
13.05
13.03
12.65
13.01
13.06
12.82
12.48
13.09
12.99
12.73
12.92
12.54
12.61
12.69
12.53
12.66
13.02
13.05
12.68
12.64
12.86
12.72
12.9
12.88
12.3
12.69
13.02
12.45
12.67
12.44
12.59
12.99
12.45
13.03
12.71
12.68
12.81
13.08
13.01
12.69
13.1
12.59
12.58
12.78
12.37
12.56
12.72
12.87
13.01
12.82
12.76
12.74
12.91
13.13
12.73
13.11
12.24
12.73
12.73
12.56
13.08
12.96
12.34
12.89
12.58
12.6
12.87
12.58
12.81
12.81
12.77
12.89
12.55
12.77
12.82
12.53
12.43
12.21
12.6
12.92
12.11
12.9
12.48
12.45
12.61
12.34
12.62
12.74
12.93
12.51
13.24
12.54
12.86
12.92
12.36
12.8
12.82
12.31
12.58
12.55
12.43
12.81
12.55
12.46
12.58
12.64
12.53
12.39
12.51
13.2
12.45
12.17
12.59
12.67
12.59
12.82
13.02
12.38
12.94
12.63
12.6
12.98
12.49
13.29
12.98
12.98
12.76
12.84
12.67
12.75
12.85
12.36
12.31
13.34
12.59
12.78
12.92
13.06
12.62
12.61
12.68
12.77
12.56
12.7
12.39
12.82
12.76
12.94
12.4
12.69
12.94
13.14
13.01
12.68
12.77
13.28
12.5
12.53
12.6
12.56
12.46
12.71
12.8
12.47
13
12.41
12.46
12.68
12.59
13.26
12.57
12.69
13.21
13.14
12.93
13.08
12.52
12.88
13.11
12.55
12.54
13.18
12.61
12.86
12.86
12.67
12.93
12.94
12.92
13.22
12.8
12.93
13.25
12.84
12.63
12.72
12.91
13.02
12.82
12.35
12.82
12.88
13.08
12.95
12.51
12.86
13.28
13.32
12.55
13.19
12.57
12.81
12.8
12.85
12.96
12.88
13.06
12.75
12.76
12.67
13.05
12.58
13.07
12.98
13.11
12.71
13.27
12.85
12.58
12.6
12.83
12.74
13.24
13.53
13
12.78
12.71
13.16
12.59
13.39
12.67
12.55
12.59
13.17
13.2
12.93
12.83
13.01
13.16
12.82
12.62
12.79
12.91
13.14
12.82
13.03
13
12.87
12.97
12.87
12.64
12.7
12.95
13.11
13.03
12.76
12.32
13.09
12.72
12.9
12.92
12.65
13.02
12.99
12.33
13.02
12.91
13.01
12.55
12.85
12.48
12.86
12.73
13.32
13.07
12.51
12.89
13.07
12.95
12.68
12.86
12.73
13.13
12.99
13.19
12.86
12.94
12.75
12.97
12.93
13.08
12.91
13.05
13.1
13.13
12.93
13.09
12.87
12.69
13.07
12.94
12.52
13.19
13.05
13
12.91
12.62
12.7
12.96
12.92
13.13
13.05
12.28
12.71
13.11
13.24
12.57
12.65
12.9
12.67
12.86
12.85
12.7
13.14
12.87
12.94
12.71
12.48
12.56
12.91
12.72
13.05
13.05
12.92
13.06
12.55
13.07
13.03
12.63
12.98
12.89
12.68
13.18
12.69
13.05
12.84
12.81
13.05
12.84
13.14
12.69
13.33
12.48
12.53
12.34
12.93
12.71
12.95
12.91
12.32
12.83
12.74
13.08
12.92
13.13
13.06
12.62
12.61
12.7
12.57
13.15
12.85
12.81
12.82
12.99
12.99
12.86
12.82
12.74
12.75
12.56
12.65
12.58
13.12
13.07
13.03
12.68
12.82
12.78
12.85
12.38
12.81
12.58
12.61
12.93
13.06
12.33
13.11
12.37
12.54
12.63
12.59
12.98
12.41
12.52
12.51
12.8
12.47
12.65
12.49
13.11
12.76
13.2
12.97
12.44
12.58
12.62
12.31
13.42
12.83
12.66
12.76
13.15
12.59
12.78
13.19
12.57
12.75
12.5
12.66
12.54
12.48
12.88
12.86
12.92
12.9
12.73
12.83
12.13
12.63
12.45
12.88
12.44
12.81
12.63
12.99
12.52
12.75
12.66
12.89
12.55
12.49
12.53
12.8
12.89
13.03
12.87
12.61
12.78
12.66
12.44
12.3
12.81
12.99
12.91
13.18
12.44
12.86
13.1
12.83
13.24
12.38
12.46
13.17
12.91
12.53
12.69
12.49
12.89
12.87
12.77
12.57
12.95
12.43
12.81
12.63
12.88
12.91
12.84
12.84
13.14
12.82
13.17
13.03
12.97
12.78
13.16
13.01
12.53
13.11
12.9
12.77
12.88
12.61
13.14
12.94
13.02
12.73
13.08
12.54
13.23
12.77
12.43
12.91
12.4
12.73
12.13
12.75
13.05
12.58
12.85
12.59
12.88
13.19
12.89
12.96
12.77
12.81
12.98
12.28
12.89
12.64
13.02
13.09
12.93
12.91
12.98
13.03
12.59
12.52
13.26
13.49
13.04
12.96
12.57
12.89
12.4
12.7
12.96
12.36
12.58
13.24
13.11
12.86
12.55
12.78
12.54
12.92
12.63
12.9
12.77
12.8
12.74
12.68
12.8
12.84
12.94
12.71
12.6
12.7
12.88
12.64
12.78
12.7
12.76
12.59
12.88
12.63
12.86
12.52
12.7
12.94
12.82
13.3
12.64
12.72
12.85
12.8
12.79
12.66
12.75
12.51
13.08
12.53
12.86
12.92
12.56
12.64
12.74
12.67
13.12
12.8
13.13
12.63
12.75
12.78
12.63
12.94
12.78
13.18
12.4
13.01
12.75
12.45
12.98
12.68
12.83
12.72
13.27
12.97
12.56
12.39
12.38
12.64
12.69
12.71
12.34
12.25
12.65
13
13.09
12.96
13.32
13.05
13.03
12.66
13.2
12.98
12.75
13.18
13.14
12.79
13.02
12.92
13.18
12.66
12.95
13
13.26
12.95
12.69
12.95
13.05
13.17
13.16
12.86
12.92
13.13
13.21
12.97
12.92
13.11
13.09
13.16
12.99
13.19
13.69
13.25
12.9
12.4
13.37
12.64
12.85
13.32
12.54
13.35
13.17
12.97
13.11
13.36
13.31
13.08
12.72
12.59
12.94
13.31
12.99
12.89
13.21
12.78
13.01
12.91
13.23
13.01
12.9
13.45
12.99
13.07
13.16
13.12
12.85
13.4
12.94
12.48
13.34
12.87
13.07
12.8
13.12
12.76
13.18
13.04
12.95
12.92
13.09
12.65
12.87
13.28
13.11
13.17
13.12
13.18
12.9
12.62
12.97
13.09
12.81
13.39
12.88
13.13
12.92
13.02
13.31
12.95
13.36
13.03
13.36
12.9
13.25
13.46
12.99
13.29
13.1
12.69
12.7
13.22
12.72
13.37
12.96
12.92
13.19
12.94
13.29
13.26
13.26
13.19
12.91
13.15
12.89
13.21
12.97
13.3
12.95
12.97
13.02
13.05
12.73
12.51
13.26
13.47
12.97
12.84
13.13
13.13
12.96
13.11
12.89
12.92
12.84
12.64
12.7
12.92
13.22
12.41
12.75
12.74
12.58
12.41
13.09
12.54
12.57
12.72
12.8
12.9
12.58
12.77
12.89
12.77
12.85
12.57
12.55
13.04
12.7
12.37
12.57
12.61
13.03
12.83
13.29
12.49
12.4
12.74
13.03
12.46
12.83
12.74
12.96
13.09
12.94
13.14
12.49
12.58
12.96
12.97
12.5
12.48
13.01
12.59
12.79
12.52
12.7
12.68
12.44
12.57
12.86
12.53
12.79
12.36
12.55
12.39
12.78
12.22
12.94
12.91
12.76
12.72
12.58
12.78
12.74
12.61
12.82
12.59
12.45
12.29
12.42
12.93
12.62
12.72
13.03
12.51
11.99
12.7
12.36
12.68
12.71
12.94
12.55
12.79
12.81
12.59
12.45
12.71
12.56
12.69
12.59
12.82
12.83
12.72
12.64
12.33
12.69
12.64
12.58
12.49
12.71
12.67
12.93
12.82
12.68
12.74
12.9
12.03
13.19
12.67
12.74
12.57
12.78
12.97
12.63
12.49
12.88
12.53
12.59
12.84
12.92
12.59
12.8
13.04
12.88
12.41
12.47
12.68
12.65
12.87
12.41
12.99
13
13
12.82
12.56
13.06
12.49
12.66
12.93
12.93
12.91
12.86
13.15
12.83
13.22
12.78
12.71
12.69
13.16
12.33
13.03
13.12
12.85
13.02
13.11
13.03
12.98
12.56
12.91
13.3
12.71
13.3
12.54
12.64
12.61
12.62
12.97
12.96
12.4
12.45
12.82
13.04
12.85
13
12.62
12.8
12.72
13.1
12.83
13.31
13
12.58
13.06
12.65
12.99
13.18
12.71
13.05
12.95
13.03
12.87
12.62
12.47
12.73
12.72
13.19
12.47
12.63
13.13
12.9
12.34
12.79
13.01
13.14
12.82
12.83
13.03
12.73
12.99
12.93
12.67
12.94
12.86
13.01
12.32
12.64
12.65
12.57
12.65
12.31
12.72
12.93
13.18
12.78
12.68
12.62
12.67
13.06
12.86
12.08
12.68
12.98
13.15
12.81
13.03
12.64
12.94
13
12.88
12.88
12.65
12.92
12.85
13.22
12.68
12.1
13.36
12.63
12.83
12.52
13
12.46
12.73
13.15
13.29
12.86
12.82
12.77
12.98
12.63
12.98
12.66
12.8
12.92
12.95
12.81
13.33
12.88
12.84
12.77
12.44
12.53
12.57
12.51
13.2
13.19
12.99
12.88
12.52
12.86
12.94
12.64
12.51
12.92
12.8
12.99
12.93
12.59
12.76
12.97
12.66
12.47
13
12.98
13.22
13.43
13.18
13.38
12.61
12.9
12.7
12.79
13.2
12.63
12.91
13.01
12.98
13.04
13.07
13.18
12.58
12.86
12.35
12.65
12.79
12.69
12.99
12.84
13.12
12.79
12.76
13.03
12.43
13.33
13.03
13.17
12.94
12.66
13.02
12.91
13.11
13.34
12.85
12.74
12.94
12.91
13.37
12.62
12.6
13.35
12.94
12.88
12.53
12.95
13.59
12.68
12.86
13.1
12.76
13.13
12.61
12.78
13.23
12.92
13.13
12.99
13
12.65
13.38
12.61
12.94
13.05
13.01
12.64
13.14
13.26
12.75
13.08
12.65
13.1
12.39
13.04
12.69
12.92
12.88
12.78
12.92
12.83
12.88
12.63
13.06
12.77
13.45
13.06
12.84
13.23
12.71
12.7
12.32
12.84
13.11
13.02
12.96
13.46
13.05
13.16
13.05
12.91
12.7
13.09
12.91
12.57
12.9
13.08
12.87
13.1
12.85
12.48
13.35
13.11
12.93
12.83
12.64
12.88
13.18
12.43
12.88
12.87
12.88
13.06
12.82
12.99
12.89
12.86
12.9
12.62
12.67
12.64
12.8
13.12
13.36
12.44
12.53
12.76
12.96
12.84
13.26
13.1
12.73
12.74
12.84
12.68
12.87
12.99
12.74
12.91
12.79
12.88
12.86
12.4
12.86
12.94
12.72
13.01
12.91
13.11
12.48
13.13
12.56
12.86
12.93
13.02
12.68
13.02
12.77
12.65
12.68
12.85
12.81
12.98
12.86
12.95
13.08
13.1
12.29
12.84
12.97
12.81
12.82
12.78
13.27
12.67
13.03
13.03
12.89
12.82
12.68
13.21
12.35
12.8
12.71
12.95
13
12.67
12.48
12.9
12.53
12.41
13.05
12.76
12.4
12.87
12.75
13.12
12.95
12.77
12.76
12.66
12.46
12.89
13.05
12.94
12.8
12.96
12.49
12.58
12.8
13.4
13.05
12.6
13.34
13.26
12.86
12.44
13
12.88
12.72
13.41
12.91
12.99
12.79
12.87
12.83
12.97
12.92
12.83
12.63
13.01
12.79
12.4
12.91
12.83
12.65
12.8
12.96
12.44
12.64
12.9
13.15
12.85
12.64
12.85
12.9
13.18
12.68
12.76
12.88
12.97
12.94
12.79
12.79
13.11
13.08
13.29
12.92
13.34
12.92
13.05
13.31
13.19
13.14
13.26
13.08
12.97
12.69
13
13.35
13.26
12.81
13.41
13.28
13.13
12.75
13.12
13.17
12.98
13.15
12.92
13.06
13.04
13
13.03
12.79
13.16
13.12
13.01
13.05
12.65
13.18
12.79
12.8
13.58
13.08
12.88
13.36
12.84
13.07
12.76
13.1
13.15
12.84
13.14
13.11
13.12
13.25
13.17
13.21
13.03
13.59
13.48
12.98
13.32
13.03
13.01
13.08
13.19
13.14
13.25
13.49
12.93
12.94
13.19
13.43
13.19
13.47
13.05
13.18
13.77
13.26
13.12
12.62
12.82
13
13.3
13.24
13.38
12.76
13.37
13.28
13.27
12.81
13.6
13.09
13.15
12.6
13
13.05
13.06
12.96
13.59
13.29
13.21
13.4
13.14
13.17
13.68
12.75
12.8
13.02
13.15
13.21
13.56
13.4
13.07
13.41
13.13
13.41
12.8
12.8
13.05
12.59
12.91
12.62
12.69
12.8
12.78
13.12
12.72
13.08
13.06
12.82
13.12
12.76
12.91
13.24
12.97
13.22
13.09
13.01
13.11
12.68
13.28
13.31
12.99
12.78
12.78
13.33
12.46
13.22
12.97
12.94
12.58
12.88
13.18
12.59
13.31
12.72
13.07
12.36
13.45
13.08
12.66
12.94
13.29
13.36
13.1
12.53
13.33
12.7
13.18
12.73
13.14
12.79
13.16
13.29
13.21
12.87
12.87
13.19
12.61
12.7
12.98
13.03
12.83
13.07
12.95
13.16
12.78
12.66
12.67
12.79
12.53
12.65
12.99
12.78
12.85
13.12
12.64
12.66
13.03
12.73
12.92
13.23
12.83
13.15
12.83
12.96
12.49
12.86
13.01
12.93
12.91
12.67
13.05
12.76
12.8
12.51
12.85
13.06
12.79
12.92
12.76
12.96
12.6
13.12
12.86
12.91
13.27
13.02
12.82
12.69
13.18
13.13
12.78
12.88
12.62
12.88
13.35
13.15
12.7
12.67
13.05
12.66
12.88
12.87
12.64
12.6
13.15
12.39
12.89
13.09
12.79
12.73
12.6
12.67
12.22
12.91
12.85
12.88
12.54
12.91
12.96
12.28
12.78
12.69
12.76
13.34
13.02
12.79
12.71
12.67
12.69
12.57
12.68
12.4
12.61
12.85
13.16
12.77
12.44
12.81
12.94
12.8
12.2
12.8
12.52
12.31
12.66
12.82
12.58
12.83
12.43
13.04
12.7
12.96
12.62
12.38
12.97
12.63
13.27
12.74
12.47
12.88
12.84
12.91
12.8
12.78
12.61
12.72
12.61
12.67
12.81
12.68
13.12
12.98
12.8
12.89
12.83
13.17
12.46
13.03
12.72
12.91
12.93
12.37
13.09
12.61
12.96
13.07
12.91
12.71
12.97
13.03
12.48
13.29
12.97
12.85
12.64
12.87
13.11
12.55
13.39
12.74
12.89
12.49
13.25
12.57
13
13.15
12.46
12.81
12.86
13.22
12.73
12.62
12.85
13.24
12.78
12.68
12.92
12.95
12.81
12.77
12.86
12.99
12.81
12.91
13.36
12.72
12.87
12.53
12.85
12.53
12.68
13.15
13.3
12.68
12.78
12.91
12.55
12.93
13
12.8
13.1
12.81
12.76
12.94
13.02
13.07
13.23
12.86
12.78
12.88
13.01
12.76
13.1
12.9
12.87
13.14
12.82
13.17
13.02
12.86
13.16
12.41
12.95
12.75
12.88
13.17
12.95
12.95
13.1
13.01
13.12
12.77
13.07
12.88
12.82
12.99
13.02
13
12.53
13.13
12.74
13
13.08
12.84
12.54
12.17
12.74
12.64
12.9
12.81
12.9
12.38
12.21
13.16
13.04
12.81
12.75
12.93
12.79
12.76
12.9
12.61
12.98
13
12.7
12.65
12.87
12.78
12.88
12.69
12.68
12.94
12.39
12.85
13.01
12.89
12.45
13.17
12.7
12.68
12.59
12.71
13.06
12.5
13.06
12.93
12.67
13.13
12.55
12.6
12.67
12.91
13.04
12.38
12.67
12.75
12.81
12.85
12.87
12.77
12.74
12.73
12.78
12.6
12.48
12.77
13
12.87
12.76
12.62
12.94
12.92
12.5
12.76
12.48
12.9
12.73
12.91
12.82
12.52
12.59
12.59
12.66
12.67
13.03
12.63
13.22
12.73
13.2
12.85
12.92
12.88
13.11
12.79
12.61
12.45
12.85
12.9
12.62
13.22
12.66
12.35
12.97
12.76
12.73
12.76
12.81
12.85
12.52
12.8
12.65
12.75
12.82
12.81
12.27
13.24
13.3
13.22
13.02
13.15
13.14
13.01
12.9
12.97
12.78
13.37
12.65
12.65
13.51
13.46
13.19
12.64
13.03
13.1
12.9
13.25
13.09
13.41
13.43
12.93
13.24
12.92
13.05
13.21
13.05
13.29
12.97
13.19
12.6
13.51
12.9
12.81
13.12
12.99
13.25
13.06
13.29
12.92
12.72
13.11
12.88
12.96
13.3
12.95
13.31
12.94
12.78
13.08
12.76
12.97
13.4
13.29
12.78
12.58
12.88
13.12
12.99
12.84
12.84
12.67
12.74
12.98
12.49
12.98
13.04
12.79
12.56
12.98
12.63
12.63
12.87
12.62
12.89
13.04
13.25
12.91
12.38
12.8
13.01
13.11
12.96
13.12
13.14
13.14
12.68
12.96
13.46
12.73
12.92
12.87
13.24
13.27
13.45
12.69
13.09
13.33
12.95
13.27
13
12.79
12.91
13.02
13.14
12.99
12.73
13.09
13.32
12.72
12.71
12.85
13.13
12.98
12.65
12.79
12.74
12.89
12.82
13.2
13.26
13.13
13.04
13.39
12.89
13.19
12.55
13.09
12.92
12.91
12.97
13.04
12.97
12.57
12.88
13.09
13.25
13.12
12.45
13.17
12.66
13
12.96
13.29
13.02
13.19
13.2
12.99
12.94
13.21
13.08
12.49
13.17
12.45
13.12
13.12
13.1
12.81
12.88
13.1
13.5
13.09
13.08
12.51
12.79
12.77
12.95
12.9
12.23
12.77
12.53
12.66
12.77
12.82
12.92
12.76
12.97
13.01
12.7
12.84
12.71
12.88
12.98
12.57
12.66
12.88
12.68
13.15
12.9
13.08
12.7
13.09
12.63
12.92
13.15
12.69
12.78
13.01
12.51
12.84
13.06
13.01
12.18
13.06
12.8
12.75
13.03
12.4
12.56
12.93
13.1
12.7
12.45
13.04
12.49
12.81
12.84
12.58
12.72
13.12
12.6
12.42
12.84
12.65
12.71
12.74
12.43
12.84
13.05
12.78
12.69
12.43
12.97
12.55
12.95
12.71
12.77
12.77
12.95
13.13
12.85
12.37
12.45
13
12.8
12.74
12.37
13.1
12.26
13.02
12.75
12.56
13.23
12.62
12.43
12.36
12.91
12.87
12.18
12.85
12.85
12.81
13.01
12.83
12.74
12.6
12.89
13.08
12.7
12.86
12.9
12.95
12.8
13.2
12.74
12.72
12.86
13.1
12.83
12.91
12.48
12.92
12.71
12.64
12.83
13.02
12.75
12.86
12.92
12.92
13.17
12.39
12.78
12.78
12.8
12.73
12.67
12.98
12.77
12.68
12.83
13.12
12.9
12.87
13.1
12.87
12.66
12.66
13
12.63
12.91
12.92
13.22
13.16
12.79
12.73
13.33
12.72
13.08
13.26
12.96
13
13.05
12.66
12.87
13.34
12.71
13.12
12.95
12.69
13.21
13.28
13.26
13.21
12.97
13.41
13.05
12.81
13.18
12.89
12.89
13.23
12.91
12.82
12.94
12.66
13.08
12.78
12.79
12.73
13.13
13.13
12.67
12.88
13.12
12.94
12.87
13.21
12.57
12.99
12.88
12.63
12.78
12.81
13.13
12.96
12.96
13.27
12.77
12.86
12.59
13.08
12.88
12.33
12.76
12.48
12.84
12.81
12.89
12.75
12.82
12.99
13.09
12.88
13.16
12.97
12.9
12.63
13.06
12.89
12.74
13.04
12.35
12.42
12.59
13.17
13.15
12.95
12.74
12.96
12.99
12.9
13.05
12.99
12.87
12.86
12.82
12.99
12.33
13.05
12.67
12.44
13.05
12.79
13
12.84
12.73
12.5
12.9
12.85
12.68
13.23
13.03
12.74
13.15
13.14
12.56
13.02
12.69
12.85
13.47
13.1
12.85
12.71
12.81
12.63
13.04
13.07
13.33
12.69
13.31
13.05
12.89
12.96
13
12.98
12.79
12.51
12.58
13.16
13.08
12.87
13.4
12.74
13.34
12.72
13.07
12.69
13.03
12.83
13.1
12.97
12.88
13.08
13.3
13.08
12.9
12.62
12.99
13.11
12.73
12.88
13.04
12.96
12.34
13.18
12.87
12.4
13.13
12.98
12.95
12.68
13.15
12.93
12.22
13.4
13.08
12.68
13.02
12.42
12.55
12.82
12.58
12.94
12.84
13.1
12.69
12.63
12.79
12.83
12.87
12.85
12.89
13.01
12.56
12.65
13.16
12.51
12.31
12.84
12.7
12.64
12.7
13.18
12.72
12.99
13.03
12.81
12.97
12.73
12.78
12.83
12.99
13.14
13.31
13.03
12.53
12.82
13.16
13.01
13.43
12.95
13.44
13.44
13.33
13.38
13.05
12.77
12.95
13.02
13.31
13.36
13.68
12.97
13.11
13.21
13.43
12.84
13.17
13.09
13.08
13.29
13.12
13.42
13.11
13.11
13.24
12.74
13.11
12.91
13.24
12.83
13.03
12.92
12.47
13.09
12.62
12.68
12.93
12.95
13.05
13.17
13.39
12.58
12.46
12.73
12.51
12.65
13.27
12.82
12.88
13.18
13.13
12.89
13.41
12.95
13.35
12.95
13.19
13.3
13.26
12.94
13.35
12.99
12.64
13.37
13.13
13.13
12.88
12.84
12.83
12.89
13.21
12.89
12.87
13.14
12.93
12.7
13.02
13.08
13.07
12.91
12.71
13.12
12.75
12.8
13.26
13.27
12.92
13.38
12.96
13.12
12.81
12.85
13.22
12.64
13.26
13.26
12.81
12.67
12.72
13.2
12.83
12.81
13.05
13.04
12.98
12.94
12.9
12.79
13.07
13.01
13.19
12.62
13.21
12.68
12.95
13.09
13.04
13.09
12.89
13.29
13.15
12.94
13.04
12.88
13.11
13.09
13.02
12.91
13.07
13.28
12.65
13.07
12.58
12.99
12.5
13.4
13.05
12.9
13.05
12.88
12.95
12.69
12.85
13.04
13.19
13.29
12.91
13.09
13.15
12.82
12.92
13.03
12.98
13.12
13.08
12.44
12.91
12.8
13.18
12.88
12.76
12.57
12.84
12.78
12.91
13.12
12.88
13.19
12.87
12.9
12.81
13.07
13.02
12.76
12.61
13.3
13.01
12.66
12.75
12.76
12.87
12.92
12.67
12.45
12.6
13.07
13.27
12.65
12.98
12.85
12.71
12.77
12.96
13.29
12.46
12.9
12.71
12.66
12.24
12.95
12.88
12.49
12.9
12.78
13.04
12.8
12.61
12.59
12.77
12.84
13.07
12.46
13.11
13.1
13.08
12.95
12.76
12.54
12.85
13.05
13.16
13.1
12.76
13.1
12.75
12.87
12.74
12.59
13.42
12.41
12.96
13.03
12.85
12.92
12.62
12.68
12.64
12.76
12.68
12.83
12.55
13.28
13.1
13.39
12.68
13.26
12.8
13.07
13.04
13.19
12.95
12.65
13.09
12.85
13.26
13.41
12.82
13.06
13.2
12.94
12.96
12.53
13.12
12.96
13.41
12.82
12.82
12.86
13
13.13
12.9
13.28
12.77
13.18
13.19
13.12
12.82
13.17
13.26
12.89
13.27
12.83
12.54
12.76
12.75
12.82
12.27
12.51
12.73
12.86
12.61
12.66
12.79
12.73
12.79
12.78
12.59
12.51
12.85
12.79
12.65
12.24
12.67
12.5
12.56
12.92
13.1
12.61
12.94
12.74
12.44
12.58
12.92
12.9
12.72
12.97
12.74
12.57
12.99
12.88
12.87
12.49
13.2
12.49
13.05
12.74
12.85
12.78
12.74
12.93
12.83
12.66
12.65
12.97
13.09
13.16
13.13
12.98
12.7
13.06
13.06
12.97
12.65
12.89
12.99
12.77
12.64
13.25
12.4
12.71
12.69
13.02
12.89
12.5
13.14
13.2
12.42
13.33
12.9
12.94
13.14
13.02
12.97
12.62
12.72
12.7
12.88
12.49
12.69
13.04
12.79
12.85
13.03
12.81
13.37
12.86
12.78
12.85
12.91
13.02
12.9
13.15
12.72
12.99
12.77
12.61
13.26
12.58
13.32
12.82
12.98
13
13
12.89
12.8
12.99
12.77
13.21
13.28
13.46
12.88
12.79
13
13.14
12.96
12.94
13.05
13.18
13.16
13.2
13.17
12.92
12.71
13.05
12.64
13.03
13.23
12.64
12.91
12.9
13.24
13.3
12.81
12.92
12.53
13.02
12.77
13.53
12.7
13.04
13.25
12.91
12.51
12.58
12.79
13.19
12.69
12.95
12.7
12.54
12.7
12.74
12.3
12.83
12.43
13.34
12.78
12.76
12.93
12.76
12.64
12.82
12.58
12.6
13.37
12.89
12.52
12.45
12.66
12.81
12.8
12.67
12.64
12.38
12.37
13.45
12.78
12.62
13.43
13.18
13.41
12.92
12.98
12.73
12.81
12.6
13.07
13
12.82
13.18
12.98
12.92
12.67
12.98
13.16
12.82
12.89
13.08
13.09
13.37
12.66
12.91
12.77
12.83
12.9
13.12
12.82
13.3
12.99
13.07
13.2
12.87
13.07
13.03
13.26
13.08
13.01
13.39
13.19
13.2
13.21
12.92
12.82
13.2
13.04
13.2
13.19
12.82
13.16
12.38
12.95
13.13
12.83
13.4
12.99
13.17
13.14
12.95
13.24
12.94
13.23
13.63
13.01
12.73
12.85
12.99
12.63
12.94
12.67
12.47
13.1
12.87
12.54
12.74
12.72
13.08
13.3
12.97
13
12.52
12.83
13.01
12.56
13.12
12.86
12.62
13.06
13.06
12.36
12.76
12.69
12.96
12.79
12.89
12.91
12.56
12.87
12.77
13.15
12.99
12.72
12.7
13.07
12.91
12.73
12.73
12.82
12.71
13.33
13.25
13.11
13.18
12.86
13.04
12.77
13.39
12.63
12.51
13.21
12.99
12.71
12.79
13.1
12.97
12.58
13.05
13.01
12.8
12.4
12.48
13.16
12.86
12.85
12.88
12.46
12.53
12.82
12.49
12.5
12.93
13.07
13.02
12.81
13.09
12.69
12.52
12.82
12.85
12.63
13.39
13.01
12.59
12.47
12.6
12.77
13.01
13.02
12.64
13.05
12.83
13.19
12.71
13.26
13.2
12.68
12.65
13.06
12.74
13.01
13.04
13.6
13.15
13.14
12.99
12.77
13.01
12.6
13.26
12.88
13.19
13.06
12.64
12.84
12.93
12.55
13.3
13.02
12.81
13.04
12.55
12.91
12.66
12.89
12.63
13.03
13.01
12.79
12.75
12.77
13.05
13.23
12.85
12.97
13.04
12.69
12.79
13.12
12.61
12.78
12.85
12.66
12.82
13.25
13.08
12.8
13.16
12.71
13.5
13
12.9
13.23
12.9
12.52
13
12.66
12.89
12.85
13.14
12.85
12.98
13.16
12.79
12.84
12.95
13.27
12.48
12.8
12.62
12.75
12.96
13.36
12.64
12.7
12.64
13.32
12.96
12.89
12.94
12.5
12.53
12.98
12.56
12.36
13.19
13.27
12.79
13.28
12.81
12.48
12.56
12.76
12.97
12.57
13.17
13.09
12.83
12.96
12.9
13.13
12.64
12.78
12.66
12.59
12.55
12.49
12.85
12.74
12.91
12.79
12.89
12.59
13.19
12.88
12.74
12.86
12.44
12.82
12.79
12.63
13.14
12.77
13.08
12.57
12.57
13.03
12.8
12.53
12.93
12.7
12.64
12.45
12.77
12.51
12.87
12.67
12.89
12.87
13.11
12.98
12.83
12.87
12.95
12.96
12.65
12.89
12.43
12.89
13.11
12.94
12.84
13.06
13.04
12.77
13.07
12.8
12.8
12.66
12.57
12.8
13.05
12.89
12.93
12.99
12.72
12.74
12.89
12.71
13
12.91
13.06
13.2
13.32
13.28
13.09
12.55
13.4
13.08
13.15
12.97
13.04
13.24
13.24
13.25
12.93
13.05
12.84
12.83
12.88
12.65
12.88
13
12.64
12.57
12.69
12.9
12.52
12.83
13.25
12.84
12.53
13
12.73
13.3
12.97
12.9
12.51
12.68
12.73
13.09
12.71
13.47
13.19
12.88
13.07
12.62
13.18
12.65
12.64
13.13
12.71
12.8
12.72
12.38
12.63
13.56
12.94
12.9
12.97
12.81
12.77
13.2
12.93
12.83
13.38
12.81
13.25
12.78
12.7
13.4
12.7
12.97
12.72
13.2
12.75
13.18
12.91
12.85
12.84
12.83
13.03
13.56
12.74
13.08
13.02
13.23
12.68
12.74
12.86
13.25
12.71
13.19
12.6
12.58
12.74
12.92
13.1
13.06
12.74
12.85
12.95
12.87
12.78
13.25
13.13
12.7
13.06
12.88
12.59
13.08
12.88
12.77
12.96
13.4
12.9
12.92
12.85
13.16
13.16
12.86
13.08
12.67
12.49
12.97
12.64
13.34
12.65
12.27
13
13.03
12.5
12.59
12.99
12.82
13.2
12.97
13.19
12.71
12.45
13.11
12.65
12.95
12.78
12.58
13.22
12.95
12.6
12.47
13.08
12.94
12.94
12.81
13.04
12.83
13.1
12.57
12.96
12.72
12.73
13.12
13.22
13.16
13.43
12.94
13.35
13.08
12.96
13.07
12.83
12.76
12.93
13.34
12.74
13.02
13
13.01
13
13.1
13.09
12.64
12.88
12.91
12.87
13.04
12.57
13.15
13.19
13.02
12.93
12.89
13.19
12.88
12.92
12.83
12.36
12.66
13.08
12.48
12.71
12.56
12.89
13.37
12.86
12.34
12.68
12.76
12.86
12.83
12.74
13
12.8
13.24
12.5
12.9
12.42
12.89
13.07
13
12.75
12.61
12.85
12.82
12.86
12.72
12.81
12.7
12.55
12.43
12.79
13.09
13.18
12.76
12.51
12.55
13.13
12.76
12.86
13.16
13.13
12.94
13.05
13.25
12.63
12.98
12.51
12.95
12.84
12.88
13.31
13.14
12.67
12.83
12.66