X
2.939
2.73
2.717
3.185
2.971
2.317
2.705
2.855
2.956
2.522
2.875
2.8
2.917
2.768
2.95
3.011
2.918
2.766
2.677
2.606
2.907
2.71
3.009
2.81
2.902
2.708
2.863
2.66
2.828
2.515
2.924
3.34
2.779
2.716
2.801
2.794
3.165
3.069
2.739
2.891
2.936
2.956
2.746
2.889
2.868
2.436
2.709
2.988
2.65
2.679
2.685
3.032
2.727
2.657
2.719
2.815
3.125
3.204
3.142
2.576
2.592
3.066
3.128
2.663
3.16
2.708
2.589
2.906
2.549
3.152
2.862
3.004
3.006
2.904
3.477
3.192
3.238
2.397
2.605
2.617
2.839
2.795
2.847
2.804
2.659
2.818
2.699
2.525
2.784
3.239
3.325
2.876
3.076
2.894
2.735
2.654
2.76
2.733
2.971
2.766
2.874
2.838
2.97
2.876
2.452
2.579
3.088
2.856
2.627
3.099
2.663
3.007
2.664
2.827
2.62
2.771
2.532
2.804
3.124
2.951
2.983
2.856
2.478
3.262
2.509
2.711
2.977
2.424
2.925
2.942
3.14
3.061
2.784
2.695
2.868
2.77
2.925
2.651
3.036
2.653
3.136
2.863
2.776
2.879
2.82
2.628
2.997
3.254
3.077
2.704
2.797
3.207
2.917
3.021
3.065
3.108
2.804
2.761
2.596
2.605
3.187
3.106
2.853
2.459
2.542
2.543
2.709
2.789
2.827
2.55
2.679
2.836
2.663
2.96
2.83
2.638
3.193
2.681
2.491
2.797
2.799
2.914
3
3.169
2.832
2.968
2.782
2.564
2.592
2.676
3.047
2.945
2.391
2.552
2.702
2.454
2.999
3.274
2.966
2.752
2.823
2.739
2.602
2.812
3.383
2.939
2.739
2.935
2.962
2.904
2.752
3.333
2.677
3.127
2.804
2.654
2.849
3.046
2.987
2.976
2.628
3.167
3.004
3.28
3.024
2.835
2.859
2.914
3.043
3.135
2.513
3.149
2.402
3.04
2.951
2.84
3.154
3.233
2.801
3.016
2.899
3.057
3.089
2.845
3.096
2.913
3.014
2.75
3.041
3.01
2.954
2.945
3.068
3.262
3.443
2.816
2.999
2.721
3.012
2.789
3.061
2.769
2.628
2.81
2.899
2.67
3
3.064
2.933
2.977
3.067
3.309
3.222
3.282
3.036
2.855
2.945
2.845
3.375
2.783
2.806
2.742
3.027
2.711
2.731
2.618
3.187
3.293
3.038
3.225
2.962
3.301
2.795
2.908
2.761
2.806
2.586
2.971
2.761
2.405
2.622
2.724
2.964
2.969
2.382
2.414
3.206
3.074
2.836
2.74
2.679
2.81
2.841
3.063
2.437
3.14
2.716
2.767
2.841
2.47
2.42
2.476
2.632
2.68
2.898
3.19
2.941
2.499
2.583
2.321
2.564
2.413
2.758
2.814
2.863
2.826
2.706
2.611
2.768
2.516
2.901
3.089
2.977
3.082
3.009
3.205
2.771
2.424
3.193
3.061
3.123
2.715
2.723
2.537
2.135
2.932
2.704
2.706
2.411
2.528
2.551
2.081
2.714
2.304
2.538
2.804
2.82
2.951
2.639
2.765
2.535
2.615
2.774
2.859
3.213
3.148
2.567
2.987
2.961
2.644
2.662
2.398
2.13
2.627
2.904
2.821
2.795
2.639
2.764
2.848
2.802
2.897
3.087
3.016
2.484
2.269
2.879
3.28
2.691
2.579
3.191
2.869
3.047
2.474
2.995
2.986
2.287
2.955
2.775
2.898
3.024
2.852
2.892
2.458
3.136
2.933
3.256
3.082
2.563
2.812
2.517
2.913
3.007
2.918
2.806
2.774
2.805
3.048
2.69
2.958
3.017
2.717
2.855
3.09
2.51
2.551
3.041
2.829
2.928
3.378
2.531
3.146
2.675
3.016
2.813
3.087
2.983
3.046
2.854
3.132
2.522
2.766
3.151
2.817
2.763
2.979
2.833
2.634
2.98
2.806
3.033
2.799
2.882
3.087
3.264
2.614
2.9
3.174
3.096
2.567
2.333
2.839
2.956
3.097
2.905
2.821
2.995
2.661
2.784
2.891
2.917
2.674
3.147
3.015
2.761
2.661
2.891
2.954
3.405
2.748
2.566
3.027
3.012
3.143
2.528
3.122
2.79
2.65
2.872
2.907
2.734
2.738
2.62
2.641
2.997
2.985
2.95
2.954
2.663
3.006
2.457
2.723
2.745
3.184
2.987
2.47
3.384
2.728
2.607
2.442
3.191
2.351
2.966
2.937
2.594
3.116
2.98
2.696
2.796
2.597
2.359
2.709
3.008
3.213
3.098
2.8
2.767
2.671
3.054
3.08
2.948
3.02
2.954
2.798
2.495
2.867
2.994
2.753
2.774
3.158
2.79
2.919
2.897
2.79
2.738
2.869
2.895
2.759
3.207
2.897
2.685
2.834
2.875
2.848
2.67
3.292
2.825
3.057
3.235
2.989
2.913
3.138
2.942
2.681
2.87
2.834
2.545
2.836
2.928
2.643
2.785
2.473
2.832
3.057
2.734
2.826
2.881
3.066
2.984
2.829
3.209
2.833
2.991
2.747
2.708
2.91
2.73
2.926
2.95
2.62
2.935
2.933
2.555
3.121
2.648
2.803
2.794
2.569
2.469
3.067
2.852
3.176
2.844
3.168
2.748
2.603
3.173
2.924
3.114
2.746
3.176
2.618
2.798
3.034
2.956
2.599
3.086
3.482
3.269
2.967
2.761
3.115
2.617
2.92
2.913
3.034
3.346
2.951
2.662
2.744
3.18
3.15
2.883
2.686
2.586
2.876
2.704
2.936
2.748
2.968
2.574
3.019
3.083
3.245
2.783
2.705
2.91
2.872
2.739
2.99
2.774
2.812
2.373
2.965
2.795
2.736
2.337
3.054
3.11
3.314
2.953
2.579
3.226
3.201
2.98
3.311
2.862
2.914
3.105
2.466
2.597
2.856
3.059
3.044
2.99
3.211
2.841
2.857
2.675
2.681
2.658
3.068
2.222
2.531
3.037
3.034
3.086
2.62
2.848
2.849
3.116
2.852
2.809
3.035
2.877
2.831
3.127
3.148
2.471
2.809
2.743
3.032
3.291
2.871
2.915
2.583
2.917
2.842
3.208
2.87
3.039
3.049
3.129
2.543
3.508
2.796
3.086
2.869
2.85
2.991
2.99
2.787
2.876
2.81
2.925
2.982
2.827
3.266
3.376
2.734
3.042
2.525
3.144
2.902
2.918
3.337
3.252
3.098
3.327
2.817
3.259
3.136
2.865
3.022
2.899
2.572
3.134
2.917
3.138
2.693
2.961
2.864
3.243
3.296
2.812
2.998
2.869
3.051
2.704
2.634
2.966
3.119
2.848
2.695
3.256
3.103
2.797
2.726
3.069
2.899
2.866
2.964
2.491
2.799
2.854
3.177
2.861
2.62
2.975
2.848
2.834
3.073
2.898
2.631
2.61
2.962
2.891
2.794
3.025
2.857
2.843
2.815
2.981
3.153
3.011
2.807
2.709
2.969
2.786
2.517
2.981
3.122
2.922
3.551
2.596
3.064
2.651
2.935
3.103
2.893
2.872
2.82
2.863
2.839
2.709
3.007
3.008
3.256
3.141
2.862
3.125
3.049
2.841
2.797
2.768
2.923
2.87
2.967
2.844
2.708
2.981
3.032
3.228
2.62
3.024
2.985
3.236
3.049
2.661
3.105
2.929
2.452
3.066
3.135
2.989
3.313
2.934
3.107
3.255
3.002
2.985
2.72
3.153
2.928
2.789
3.151
2.904
2.949
2.954
3.181
3
2.887
3.455
2.799
2.982
3.395
3.256
3.051
2.8
2.957
3.279
2.999
3.172
3.174
3.064
2.86
2.935
2.726
2.516
2.636
3.186
3.147
3.307
3.262
3.617
3.271
2.776
2.659
2.811
2.973
3.002
3.101
3.042
3.122
3.022
2.937
2.591
3.221
3.053
3.037
3.207
3.394
2.852
2.947
2.894
2.968
2.797
2.681
2.959
3.254
3.014
3.053
2.854
2.463
2.571
2.576
2.727
2.827
3.126
3.001
2.556
3.12
3.412
3.206
2.856
2.945
3.463
2.623
3.317
3.088
3.006
3.141
2.964
2.793
2.696
2.994
2.864
2.866
2.81
2.688
3.053
2.534
2.803
2.92
2.863
3.209
3.039
3.307
2.78
3.105
2.672
3.007
3.407
2.939
3.402
2.749
2.69
2.867
2.765
2.903
2.788
3.055
2.78
3.054
3.159
3.283
3.238
2.849
2.787
2.629
3.257
3.027
3.023
2.981
3.14
3.345
2.564
2.866
2.913
2.65
2.825
3.013
2.921
2.98
2.943
2.984
2.805
3.275
3.048
3.049
3.112
3.131
2.831
2.898
3.09
2.574
2.598
2.86
3.004
2.518
2.9
3.131
2.554
2.911
2.44
3.066
2.752
2.585
3.122
3.174
2.883
3.173
2.884
2.908
3.016
3.01
3.026
2.514
2.962
3.171
2.945
3.03
3.009
2.732
3.135
3.012
2.73
2.912
2.242
2.599
2.299
2.624
2.533
2.659
2.721
2.356
3.014
2.474
2.934
2.29
2.372
2.764
2.819
2.815
2.75
3.006
2.685
2.879
2.707
2.578
2.753
2.465
2.601
2.568
2.784
2.915
2.777
2.42
2.367
2.212
2.614
2.571
2.904
2.776
2.949
2.977
2.883
2.367
2.805
2.724
2.79
2.904
2.895
2.935
2.8
2.893
2.767
2.604
2.823
2.795
2.799
2.728
2.454
2.373
2.394
2.629
2.338
2.801
2.905
2.613
2.509
2.561
2.55
2.779
2.623
2.686
2.646
2.773
2.719
2.804
2.8
2.853
2.895
2.932
3.064
3.151
2.166
2.972
2.929
2.41
2.63
2.797
2.781
2.672
2.592
3.11
2.868
2.482
2.888
2.687
2.595
2.687
2.711
2.576
2.983
2.731
2.596
3.064
2.715
2.773
2.56
2.784
2.597
2.891
2.986
2.446
2.91
2.92
2.659
3.089
2.628
2.749
2.901
3.033
2.908
2.615
3.07
2.575
2.963
2.51
2.539
2.987
2.591
2.834
2.367
2.399
2.738
2.646
2.695
2.723
2.699
3.222
2.596
3.176
2.782
2.549
2.765
2.881
2.823
2.806
2.521
2.593
2.617
2.934
3.047
2.738
2.948
2.821
2.92
2.64
2.688
2.582
2.786
2.77
2.707
2.864
2.718
2.743
2.95
2.922
3.126
2.451
2.733
2.933
2.683
2.715
2.508
2.859
2.473
2.814
3.073
2.774
2.372
3.064
2.546
2.384
3.057
2.8
2.666
2.548
2.847
2.797
2.84
2.956
2.993
2.898
2.869
2.881
2.951
2.599
3.179
2.9
2.776
3.039
2.855
2.651
2.967
2.656
2.561
2.801
3.11
3.036
2.681
3.213
2.391
2.981
2.625
2.943
3.055
2.753
2.957
2.83
2.806
2.635
2.923
2.716
2.558
2.874
3.057
2.694
2.898
3.03
2.325
2.747
2.851
3.11
2.941
2.468
3.002
2.469
2.773
3.037
2.96
2.851
2.807
2.519
2.643
2.776
2.947
2.928
2.87
3.05
2.669
2.972
3.068
3.173
2.486
2.893
3.116
2.686
3.194
2.758
2.189
2.743
3.221
3.455
3.366
3.224
3.121
2.687
2.556
2.693
3.047
2.658
2.989
3.034
2.717
2.872
2.955
2.652
2.616
3.122
3.027
3.101
3.096
2.717
2.993
3.084
2.836
3.178
3.005
3.197
3.135
2.788
2.885
2.609
3.44
2.629
2.958
2.834
2.741
2.569
3.158
3.047
2.836
3.399
2.979
2.976
2.886
2.989
2.611
3.018
3.553
2.984
3.153
3.021
3.138
3.118
3.08
2.859
3.16
3.162
3.386
3.015
2.799
2.583
3.259
2.801
3.101
2.831
2.897
3.135
2.798
2.891
2.735
3.132
3.003
2.989
3.344
3.065
2.643
3.119
3.037
3.348
2.838
3.179
3.059
2.471
3.087
2.915
2.824
2.726
2.785
3.171
3.162
2.748
2.883
3.128
2.63
2.902
2.957
3.087
2.674
3.024
2.662
3.04
3.047
2.681
2.67
2.89
3.049
2.897
3.073
2.548
2.721
2.807
2.677
3.342
2.456
2.971
3
2.871
2.908
2.825
3.256
2.556
2.866
3.009
3.137
2.618
2.777
3.059
2.521
3.094
3.076
2.55
2.797
3.036
3.207
2.972
2.615
2.952
2.775
2.84
2.7
2.767
2.874
2.923
2.825
2.671
2.733
2.924
3.07
2.998
3.049
2.966
2.935
2.605
2.769
2.869
2.907
2.723
2.673
2.558
3.215
2.85
3.213
2.534
3.071
2.663
2.828
3.216
2.968
2.907
2.812
3.068
2.861
2.49
2.982
2.709
2.526
3.118
3.009
2.931
2.93
3.494
3.015
2.935
2.919
2.815
3.076
2.919
2.861
2.807
2.668
2.612
2.884
2.65
2.959
2.796
2.908
2.792
2.641
2.297
2.889
2.934
2.99
2.747
3.241
2.826
2.839
3.15
2.921
3.066
2.947
3.044
2.541
2.937
2.942
3.103
2.643
2.555
2.899
3.022
3.058
2.424
3.358
2.637
2.589
2.659
2.524
3.204
2.732
3.054
2.727
3.047
3.308
3.329
2.596
2.969
2.842
2.943
3.016
2.787
3.111
3.098
2.517
2.869
3.025
3.155
3.073
2.672
2.705
2.993
2.674
3.191
2.93
3.253
2.585
2.582
2.993
2.167
2.799
2.397
2.908
2.816
2.892
2.843
2.787
3.061
2.634
2.873
2.771
2.927
3.323
2.839
2.864
2.715
2.714
2.955
2.846
2.971
2.675
2.861
2.624
2.863
2.655
2.897
3.131
2.758
2.816
2.619
2.629
2.854
2.957
3.348
3.518
3.065
2.822
2.766
2.843
2.699
2.621
2.877
2.713
2.874
2.639
2.612
2.768
2.807
2.732
2.79
2.776
3.091
3.298
2.546
2.851
2.328
2.918
2.648
2.591
3.076
2.487
2.618
2.323
2.396
2.392
2.948
2.703
3.022
3.422
2.977
2.632
3.201
2.912
3.083
2.875
3.057
3.21
2.925
3.038
3.318
3.49
3.1
2.786
3.226
2.975
3.221
3.021
3.111
3.225
3.307
3.097
3.068
2.679
3.048
2.748
3.063
3.143
2.939
2.622
3.108
3.216
3.336
2.986
3.044
3.241
3.005
2.882
3.111
3.052
2.761
3.086
3.311
3.25
2.777
3.014
3.11
3.149
3.279
3.162
2.975
3.347
3.142
3.217
2.752
3.035
3.595
3.216
2.833
3.089
3.216
3.209
3.239
2.811
3.418
3.446
2.692
2.778
2.523
3.104
3.197
3.412
3.123
3.336
3.099
3.429
3.235
2.935
3.131
2.624
3.349
2.969
3.37
3.138
3.317
3.081
3.341
2.845
3.093
3.216
2.907
2.772
3.077
3.033
2.9
2.854
2.951
2.693
2.87
3.337
2.9
3.066
2.764
3.133
2.875
2.457
3.071
2.683
3.049
2.998
3.023
2.788
2.415
3.014
3.185
3.318
3.312
2.781
2.882
2.921
3.166
2.618
2.828
3.111
3.16
3.225
3.054
2.685
3.287
2.883
3.193
3.014
2.963
2.822
2.827
2.972
2.619
3.156
3.211
2.378
2.783
3.037
2.912
2.29
2.988
2.979
2.807
3.192
3.227
2.776
2.739
3.099
2.748
2.929
3.198
2.974
2.78
2.877
3.035
3.043
2.632
2.811
2.919
3.425
3.185
3.163
2.804
2.998
2.93
2.918
2.57
2.706
2.928
2.821
2.565
2.611
3.26
2.903
3.116
2.666
3.129
2.937
2.574
2.777
2.843
2.752
2.741
2.759
2.442
3.006
2.3
3.185
2.402
2.845
3.061
2.712
3.033
2.676
2.898
2.97
2.871
2.431
2.66
2.808
2.891
2.873
2.942
2.754
3.089
2.88
2.69
2.314
2.886
2.521
2.887
2.708
2.668
3.043
3.212
2.82
2.863
3.027
2.813
3.175
2.986
2.909
3.365
3.054
2.62
2.906
3.135
2.978
2.906
3.122
2.754
3.1
2.932
2.519
2.787
2.722
3.037
2.686
3.044
2.577
2.446
3.059
3.11
3.084
2.987
2.68
2.599
2.841
3.228
2.851
2.56
3.174
3.145
2.918
3.023
3.033
3.45
3.068
3.089
2.826
2.935
3.006
3.001
3.005
3.265
3.086
2.892
2.576
2.893
2.971
3.073
2.613
2.847
2.9
3.261
3.415
3.056
2.687
2.542
3.053
3.087
3.218
2.873
2.995
2.821
3.596
2.992
3.021
2.914
3.136
2.578
2.711
3.168
2.638
2.984
2.515
2.936
2.537
3.083
2.504
3.475
3.166
3.092
2.575
2.661
3.256
2.856
2.96
2.962
2.71
2.312
2.848
2.985
2.874
2.95
2.821
2.515
3.079
3.059
3.352
3.194
2.536
2.919
2.846
2.71
3.1
3.228
3.014
2.611
2.913
3.05
2.893
2.701
3.097
3.147
3.228
2.981
2.819
2.807
2.86
2.882
2.996
2.791
2.714
3.049
2.711
2.231
2.543
2.851
2.682
2.78
2.876
3.173
3.501
2.552
2.744
2.773
2.903
2.859
2.745
2.87
3.065
3.111
3.336
2.873
3.129
2.74
2.767
2.743
2.938
3.164
2.738
3.176
2.831
3.088
2.371
3.149
2.674
3.297
2.928
2.937
2.792
2.487
3.202
2.837
2.996
2.838
2.64
3.054
2.434
2.725
2.78
2.966
3.017
2.986
2.923
3.221
3.155
3.209
2.784
2.611
2.797
3.191
2.881
2.861
2.954
3.171
3.575
3.347
3.357
3.075
2.891
3.001
3.205
2.895
2.716
2.789
2.601
3.405
3.201
3.015
3.141
2.422
3.188
2.962
2.828
3.227
2.781
2.913
3.047
3.133
3.223
2.758
3.201
3.136
3.076
3.342
2.973
2.824
2.92
3.104
3.023
2.713
3.143
3.111
2.533
3.573
3.298
3.302
3.153
3.265
2.976
3.044
3.189
3.08
2.999
2.652
3.014
3.147
2.66
3.112
3.449
2.793
2.652
2.654
2.946
3.043
3.187
2.997
2.629
3.011
2.757
3.07
3.097
2.808
3.053
2.595
3.054
2.832
2.814
2.737
2.94
3.141
2.961
3.141
2.93
2.826
2.979
2.906
2.725
2.838
2.613
2.992
2.599
2.641
3.035
2.746
3.043
2.659
3.001
2.808
2.554
2.909
2.899
2.929
2.616
2.705
2.952
2.736
2.679
2.943
2.877
3.229
3.264
3.34
3.11
2.673
2.662
3.166
2.866
2.894
2.774
3.127
3.025
3.296
2.98
3.025
2.772
3.141
3.242
3.122
2.964
3.326
2.767
2.751
2.541
2.73
2.751
2.816
3.126
2.776
2.85
2.656
2.586
2.495
2.839
2.718
2.923
3.055
2.827
3.277
2.909
3.151
2.972
2.854
3.017
2.849
3.323
3.008
3.289
2.805
3.08
3.252
2.832
3.042
3.187
3.224
3.03
2.844
3.069
2.932
3.096
3.198
2.837
3.079
3.187
2.981
3.081
3.274
3.065
2.8
3.266
2.868
2.704
2.761
2.738
2.864
2.929
3.058
3.346
2.892
3.14
2.773
2.996
2.98
3.232
2.867
2.657
3.164
3.177
2.975
3.09
3.119
2.622
3.272
3.1
3.025
3.048
2.781
2.856
2.824
3.317
2.994
3.345
3.228
2.929
3.216
3.093
3.073
2.279
2.762
3.175
2.805
2.843
3.033
3.153
2.902
2.642
3.22
2.813
2.743
2.987
2.901
2.792
3.066
3.013
3.019
3.009
3.069
2.905
3.138
2.795
2.959
3.032
3.082
3.173
2.805
3.082
3.067
2.888
2.671
3.312
2.815
2.855
3.049
2.816
3.203
2.75
3.118
2.585
3.055
2.809
3.218
3.133
2.693
3.326
3.019
3.089
3.602
3.16
2.64
3.015
3.452
2.97
2.791
3.173
3.199
2.854
2.819
3.029
2.656
2.91
3.089
2.69
3.048
2.89
3.071
3.237
3.201
3.121
3.006
3.095
2.882
3.073
2.764
2.629
3.057
2.932
2.641
2.96
3.017
2.939
2.899
2.746
2.502
2.753
2.894
3.176
2.975
3.146
2.611
2.73
2.356
2.681
2.831
2.593
2.72
3.003
2.739
2.82
2.209
2.715
3.016
2.953
2.9
2.844
2.813
3.111
2.822
2.791
2.547
2.67
3.023
2.971
3.214
2.628
2.548
2.875
3.075
2.713
2.802
3.001
2.832
2.603
2.527
2.64
3.004
2.88
2.64
2.993
3.106
2.479
2.814
2.797
2.699
3.014
2.586
2.624
2.573
3.134
2.937
2.859
2.818
2.992
2.691
2.947
2.732
2.959
2.872
3.307
2.542
2.452
2.953
2.627
2.615
2.89
2.688
2.676
2.931
2.945
2.965
3.041
2.674
2.831
2.471
2.664
3.086
2.9
3.253
2.657
2.748
2.649
2.538
3.342
2.556
2.917
2.876
2.903
2.836
2.972
2.416
2.835
2.582
2.81
2.744
2.917
2.963
3.097
3.116
3.044
2.929
3.01
2.939
3.167
2.602
2.666
2.75
3.519
2.918
2.714
2.849
2.769
2.917
2.57
2.882
3.184
3.139
2.904
2.618
2.593
2.39
2.681
2.933
2.964
3.068
2.646
2.731
2.508
2.775
2.886
2.667
2.472
2.919
2.934
3.017
2.985
2.562
2.954
2.903
2.625
2.696
2.778
3.192
2.937
2.785
2.998
2.582
2.689
2.152
2.795
3.046
3.142
3.179
2.873
2.996
2.927
2.447
2.927
2.934
2.733
3.156
2.845
2.874
2.394
2.962
2.797
3.183
2.874
2.742
3.236
2.56
2.896
2.589
2.44
2.946
2.837
2.619
3.034
3.231
2.898
2.782
3.055
3.01
2.189
3.04
2.811
3.471
2.41
2.954
2.506
2.743
2.971
3.093
3.039
3.08
2.554
2.846
2.773
2.848
2.423
2.68
2.523
2.907
3.074
2.528
2.779
2.593
2.629
2.769
2.741
2.864
2.747
3.028
2.933
2.863
2.941
2.808
3.132
2.283
2.912
2.679
2.822
3.023
2.662
2.959
2.683
2.904
2.867
3.068
2.705
2.974
2.935
2.507
2.833
2.735
2.707
2.487
2.697
2.88
3.21
2.903
2.699
2.562
2.774
2.532
2.718
2.858
2.565
3.049
2.76
2.643
2.833
3.012
2.533
3.05
2.852
3.113
2.871
2.692
2.788
2.428
3
2.698
3.019
2.774
2.328
2.88
2.494
2.738
3.196
2.86
2.688
3.078
2.85
2.429
2.462
2.918
2.842
2.815
2.852
2.778
2.759
2.681
2.851
2.928
2.785
3.01
2.826
2.447
3.037
2.619
3.238
2.805
2.748
2.573
2.752
2.67
2.925
2.527
2.835
2.756
2.714
2.473
2.882
2.53
2.855
3.054
2.935
3.294
3.348
3.042
2.498
2.976
2.829
2.724
2.946
3.08
3.019
2.457
2.715
2.506
3.006
2.884
3.059
2.746
2.846
3.078
3.041
2.661
2.718
2.807
2.597
2.942
3.061
2.318
2.753
2.812
2.677
2.704
2.523
2.817
2.968
2.706
2.708
2.716
2.608
2.806
2.514
2.544
3.12
2.745
2.641
2.913
2.616
2.566
2.839
2.916
2.405
3.086
2.704
2.471
2.694
2.37
2.69
2.408
2.612
2.911
2.75
2.92
2.636
2.558
2.567
2.508
2.722
2.645
2.765
3.007
2.506
2.894
2.786
2.97
2.532
2.207
2.856
2.91
2.962
2.816
2.825
2.816
2.785
2.62
2.772
3.071
3.122
2.716
2.803
2.588
2.284
2.481
2.875
2.301
2.859
2.589
2.651
2.667
2.8
2.782
2.966
2.887
2.275
2.578
3.048
2.758
2.818
2.78
2.697
3.077
2.798
3.159
2.89
2.876
2.712
2.773
2.924
3.163
3.111
2.819
2.675
3.313
2.534
2.831
2.772
2.512
2.556
2.932
3.018
3.178
2.939
2.958
2.639
3.221
2.976
3.019
3.017
2.555
3.254
2.775
3.05
2.627
2.794
2.479
2.857
3.239
2.653
2.7
2.8
2.485
2.852
3.071
2.651
3.236
3.126
2.452
2.695
2.319
2.832
2.893
2.785
3.092
2.508
2.5
2.532
2.794
2.853
2.69
2.683
2.4
2.877
3.184
2.712
2.921
2.746
2.862
2.407
3.126
2.877
2.884
2.837
2.321
2.679
3.269
2.952
3.124
2.498
2.747
2.453
3.066
2.63
2.774
2.547
3.05
2.873
3.038
2.804
2.684
2.505
2.976
3.124
2.785
3.128
2.667
2.913
2.664
2.714
2.624
2.824
2.52
3.111
2.95
2.633
2.762
2.846
2.909
2.494
3.033
2.765
3.133
2.81
2.764
2.936
2.612
3.18
2.923
2.746
2.783
3.089
3.195
3.171
3.139
2.911
2.688
2.977
3.452
3.141
3.231
3.115
3.301
3.043
3.031
3.109
2.979
3.05
3.058
2.804
3.417
2.736
2.753
3.154
2.559
3.054
2.743
2.977
3.046
2.575
2.849
2.871
3.325
3.32
2.933
3.248
2.839
2.759
3.04
2.683
2.986
3.348
2.919
3.004
3.082
3.039
2.974
2.915
3.384
3.292
3.141
3.125
2.827
3.37
2.886
3.083
3.059
3.406
3
2.767
3.152
2.334
3.228
3.426
3.161
2.857
2.595
2.539
3.113
2.739
2.8
3.051
2.821
3.061
3.006
3.178
2.398
2.993
2.642
3.16
3.043
2.668
2.774
2.394
2.687
3.152
3.188
2.993
2.388
3.003
2.875
2.598
3.019
3.131
3.144
2.768
3.249
2.756
2.85
2.68
3.131
3.057
2.954
2.818
2.966
2.654
3.02
3.01
2.907
2.63
2.655
2.872
3.155
3.036
2.767
2.886
2.816
2.61
2.976
2.726
2.993
3.251
3.076
3.146
2.883
2.937
2.878
2.901
3.381
3.284
2.736
2.942
2.695
2.744
2.543
2.806
2.777
3.115
3.003
2.33
3.044
3.129
3.019
2.519
2.73
3.249
3.087
2.85
2.958
3.203
3.012
3.073
2.893
3.09
2.914
2.594
3.067
2.923
2.838
2.942
2.581
2.656
2.452
3.025
2.656
2.565
3.05
3.145
3.494
2.853
2.793
2.708
2.66
3.201
3.092
3.089
3.48
3.063
3.282
2.735
2.834
2.768
3.355
3.158
3.095
3.434
2.955
2.676
2.896
2.92
3.129
2.924
2.775
2.822
2.966
3.137
2.919
2.465
2.527
2.97
2.604
3.005
2.867
2.487
3.249
2.694
2.481
2.81
2.776
3.082
2.756
3.002
2.375
2.945
2.923
2.922
3.039
2.843
3.09
2.676
2.803
2.396
2.894
2.23
2.989
2.766
3.164
3.11
3.088
3.06
2.807
2.469
3.041
2.709
3.104
2.795
2.927
2.887
3.016
2.953
2.503
2.691
3.17
2.942
2.631
2.943
2.862
2.589
2.996
2.77
2.594
2.791
2.586
2.714
2.9
2.714
2.497
2.775
2.77
2.751
3.031
2.646
2.576
3.006
2.758
2.712
2.624
2.608
2.565
2.672
2.965
2.432
2.73
2.707
2.647
2.882
2.355
2.723
2.374
2.574
2.449
2.603
3.01
2.736
2.515
2.792
2.411
2.661
2.835
2.801
2.925
3.003
2.701
2.791
3.019
2.576
2.684
2.638
2.879
2.714
2.734
2.457
2.841
2.86
2.696
3.001
2.69
3.059
2.735
2.293
2.428
2.912
2.886
2.398
3.226
3.103
2.736
3.021
2.534
2.519
2.946
2.442
2.729
3.037
3.13
2.551
2.664
2.827
2.397
2.787
2.366
2.714
2.92
2.866
2.962
2.795
2.714
2.411
2.508
2.759
2.659
3.002
2.899
2.667
2.369
2.959
2.559
2.61
2.657
2.989
2.925
2.907
3.287
2.737
2.859
3.064
2.964
2.792
2.89
3.195
2.606
2.779
2.671
2.675
2.741
3.131
2.524
3.329
3.022
2.97
2.695
2.908
3.127
3.048
2.772
2.541
2.829
3.192
2.959
2.613
2.82
3.008
3.062
2.6
2.883
2.92
2.914
2.547
2.731
3.178
3.102
2.739
2.885
2.743
2.792
2.565
2.645
2.927
2.736
2.961
2.413
2.959
3.091
2.747
2.779
2.784
2.751
2.573
2.96
2.955
2.712
2.71
2.568
2.653
2.573
3.016
2.414
2.727
2.888
3.065
2.702
2.779
3.032
2.774
3.056
2.692
2.954
2.886
2.802
2.958
3.174
3.21
3.278
3.104
2.906
2.882
2.826
2.738
3.256
2.81
3.013
2.817
3.175
3.209
2.562
2.59
2.413
3.31
2.996
3.318
2.998
2.691
2.74
2.962
3.155
3.204
2.914
2.951
3.003
3.15
3.044
2.606
3.001
2.769
3.054
3.136
2.544
2.796
2.536
3.236
2.962
2.519
3.009
2.968
3.084
3.2
2.955
3.095
2.779
2.759
3.202
2.546
2.918
2.7
3.055
3.162
3.215
2.935
2.824
2.869
2.867
2.945
2.842
3.123
3.039
3.586
3.077
3.024
2.731
2.943
2.933
2.902
2.895
3.233
3.195
3.127
2.995
2.874
2.993
3.114
2.647
2.89
3.026
2.972
2.829
2.693
2.879
3.261
3.063
3.082
2.98
2.755
3.179
3.247
3.063
3.109
3.004
2.931
2.87
3.061
2.982
3.057
3.085
3.138
3.23
2.921
2.996
3.364
3.371
2.797
3.147
2.75
2.69
2.881
2.918
2.857
2.946
2.714
3.202
3.008
3.01
2.757
3.215
3.243
3.086
3.145
2.725
2.661
2.591
2.504
2.545
3.164
2.677
2.99
2.735
2.683
2.987
2.763
2.973
2.644
2.59
2.953
2.836
2.845
2.867
3.256
2.679
2.791
3.183
3.036
2.887
2.816
3.549
2.864
2.994
2.962
3.151
2.746
2.811
3.072
2.518
2.751
2.294
2.917
2.551
3.027
3.323
2.971
3.059
2.884
2.813
2.909
2.918
2.805
2.782
2.624
3.248
2.972
3.198
2.405
2.686
2.745
2.884
3.155
2.81
3.252
2.998
3.237
2.503
2.55
3.021
2.903
3.116
3.144
2.855
2.665
2.683
3.026
2.987
2.688
2.835
2.861
3.173
3.222
2.999
2.835
2.675
3.054
3.3
2.811
3.456
2.361
2.783
2.663
3.181
2.997
2.32
2.863
2.903
2.969
2.725
2.764
2.671
2.574
2.925
2.837
2.298
3.128
2.848
2.952
2.252
3.077
2.927
2.804
2.992
3.234
2.633
2.936
2.606
2.857
2.605
2.927
2.998
2.85
2.48
3.066
2.832
2.659
2.756
2.488
2.823
2.953
2.905
2.324
2.609
2.416
2.911
2.697
2.797
2.97
2.329
2.899
2.443
2.126
2.788
2.993
2.699
2.667
3.08
2.993
2.829
2.704
3.14
3.188
2.638
2.911
3.336
2.798
2.412
3.168
3.165
2.973
2.851
3.383
2.579
3.19
3.059
2.74
3.034
3.002
3.009
2.738
2.748
2.928
3.088
3.286
2.654
3.263
3.006
2.853
2.895
2.603
2.93
2.904
3.143
3.226
3.015
3.071
2.903
3.059
3.074
3.058
3.008
3.108
3.378
2.882
3.292
2.864
2.754
3.052
2.937
3.276
3.01
2.994
3.132
3.026
3.091
2.946
2.966
3.05
2.771
2.607
3.065
2.633
2.857
3.048
3.232
2.598
2.66
2.943
2.846
2.776
2.597
2.714
2.521
2.89
2.565
3.038
2.562
2.563
2.849
2.932
2.716
2.751
2.435
2.572
2.722
2.573
2.511
2.869
2.93
2.447
3.223
2.708
3.07
2.938
3.21
2.545
2.994
2.704
3.172
2.906
2.849
3.228
2.413
2.914
2.959
2.761
2.656
3.059
2.74
2.918
2.774
2.888
2.697
2.473
2.959
3.022
2.681
2.473
3.11
2.991
2.761
2.828
2.512
3.127
3.107
3.216
2.492
2.852
3.118
2.875
2.996
3.26
3.018
2.686
2.731
3.199
2.948
2.566
3.062
2.616
2.995
3.014
3.158
3.175
2.36
2.949
3.056
2.714
3.089
2.558
2.742
2.625
2.846
2.965
3.27
2.767
2.949
3.231
3.143
2.963
3.077
2.831
2.946
2.947
3.046
2.934
3.095
2.973
2.921
3.264
3.3
2.825
2.953
2.865
3.274
2.673
3.234
3.057
3.178
2.679
2.776
3.008
2.965
2.951
2.977
3.199
2.976
2.916
3.231
2.925
3.068
3.087
3.233
3.349
3.223
3.298
3.073
3.18
2.899
3.065
2.813
2.99
3.301
3.211
2.815
3.19
3.015
3.082
2.846
2.924
3.108
3.147
2.671
3.42
3.007
3.163
2.78
3.221
3.246
3.274
2.995
2.589
2.698
3.104
2.855
3.06
3.026
3.094
3.298
3.252
3.067
3.273
3.37
2.893
3.344
3.071
2.698
2.879
3.129
3.404
3.484
3.002
3.219
3.114
2.692
2.949
2.791
2.895
3.169
3.031
3.064
3.229
2.634
2.802
2.892
2.722
2.918
2.701
2.968
2.666
2.695
2.889
3.247
3.394
2.764
2.924
2.827
2.799
3.241
2.834
2.917
2.887
2.622
2.858
2.671
3.172
2.969
2.949
3.151
3.011
2.86
3.134
3.146
2.988
2.965
2.706
2.853
3.03
2.62
3.035
3.326
2.755
3.114
2.883
2.919
2.848
3.062
2.821
2.671
2.453
2.872
2.716
3.16
2.865
2.644
3.003
3.26
2.835
2.747
3.013
2.932
2.847
2.997
2.553
2.97
2.607
2.501
2.933
3.184
2.639
2.494
2.638
2.917
2.791
2.724
2.959
2.812
2.962
2.866
3.04
2.773
2.543
2.59
3.022
3.173
2.989
2.865
2.994
2.453
3.061
2.653
2.693
3.056
2.934
3.067
2.93
2.921
3.319
2.459
2.499
2.833
2.749
2.667
2.411
2.986
2.811
2.954
2.52
2.891
2.862
2.713
2.952
2.622
3.332
2.548
3.063
2.874
2.47
3.069
2.197
2.845
2.86
3.004
2.604
2.603
3.277
2.792
2.922
2.7
2.923
2.951
2.798
2.957
2.9
2.981
2.862
2.997
2.957
2.823
2.523
2.768
2.82
2.991
2.73
2.466
2.743
2.926
2.787
2.781
3.155
2.699
2.867
2.617
3.004
3.166
2.628
2.8
2.793
2.812
2.897
2.737
3.311
2.416
3.059
2.814
2.922
2.747
2.932
3.159
2.763
3.172
2.468
3.064
2.848
3.155
2.754
2.67
2.606
3.071
3.094
2.624
2.49
2.744
3.104
2.849
2.658
2.849
2.806
2.913
2.639
2.509
2.931
2.59
2.984
2.792
2.704
2.687
3.043
2.886
2.492
2.93
2.675
3.299
2.854
3.013
2.852
2.826
2.822
3.163
2.791
2.921
3.065
2.977
2.785
3.033
3.036
2.366
2.605
2.947
3.04
2.625
2.835
2.822
2.592
2.522
2.821
2.272
2.685
2.795
3.136
3.074
2.406
2.475
3.188
2.989
2.923
2.797
3.088
2.658
2.739
2.785
3.216
3.125
2.747
2.525
2.223
2.943
2.499
3.495
2.658
2.66
2.992
2.74
2.851
2.97
2.596
2.847
2.721
2.795
2.62
2.879
2.908
2.731
3.063
2.706
2.962
2.763
2.771
3.001
2.827
2.886
2.819
2.547
2.781
2.991
3.011
3.066
3.056
2.881
3.201
2.835
2.534
3.184
3.115
3.112
3.227
2.633
3.244
2.955
2.744
2.786
2.941
3.211
2.928
2.996
2.849
3.32
3.095
2.648
2.694
2.944
2.548
2.86
3.173
3.169
3.059
3.133
3.21
3.304
2.405
2.523
2.739
2.968
3.299
2.962
2.704
3.048
2.974
2.818
2.89
3.088
2.911
2.5
3.098
3.281
2.935
2.519
2.583
2.98
3.135
3.29
2.763
2.5
2.951
3.139
2.832
3.34
2.871
2.968
2.968
3.037
3.075
2.887
2.799
2.762
3.103
2.951
2.982
3.094
2.723
3.39
3.255
3.111
3.045
2.366
2.881
3.212
2.941
3.13
3.202
2.849
3.13
3.033
2.74
2.921
2.899
2.431
2.878
3.296
2.966
3.108
3.28
2.613
3.043
2.931
2.935
3.164
2.806
3.088
2.833
3.172
3.041
2.838
3.084
2.856
2.752
3.055
2.373
2.953
3.228
3.204
3.054
2.999
2.443
2.506
3.066
2.496
2.725
3.128
2.49
3.257
2.673
2.821
2.859
2.44
2.334
2.358
2.941
2.666
2.944
3.473
2.212
3.006
2.845
3.084
2.869
2.8
2.859
3.031
3.107
2.681
2.71
2.954
2.815
3.042
2.828
3.147
3.462
2.66
3.141
2.743
2.539
2.834
2.732
2.472
2.761
2.801
2.625
3.238
2.976
2.824
2.899
2.821
2.906
2.996
3.143
2.537
3.033
3.046
2.937
3.054
2.67
2.46
3.298
2.93
2.89
2.878
3.443
2.809
3.017
2.974
2.727
2.617
2.804
3.208
2.927
3.149
2.847
2.252
2.938
3.028
2.939
2.888
3.109
2.888
2.475
3.114
2.547
2.763
2.921
2.556
3.05
2.77
2.479
2.837
3.004
2.765
3.083
2.714
2.728
3.033
2.914
2.66
2.309
3.115
2.724
3.02
2.846
2.566
3.123
3.207
2.763
2.48
2.631
2.505
2.571
3.255
2.394
2.816
2.329
2.878
2.925
2.68
3.007
2.771
2.736
2.567
2.864
2.774
2.616
3.18
2.907
2.772
3.116
2.448
3.019
2.971
2.453
2.299
2.821
2.881
3.187
2.483
3.088
3.169
2.675
2.983
2.87
2.779
2.796
2.619
2.973
3.137
2.729
3.143
2.736
3.214
2.528
3.065
2.66
2.727
3.234
2.873
3.038
3.05
2.97
2.591
2.586
2.528
2.845
3.054
2.44
3.318
3.137
2.547
3.289
2.717
2.617
3.067
2.83
2.476
2.52
2.901
2.9
2.678
2.937
2.833
2.765
2.192
2.99
2.977
2.571
2.952
2.557
2.491
2.468
2.63
2.803
2.847
2.849
2.523
2.802
2.475
2.703
2.895
2.455
2.885
2.658
2.727
2.78
2.624
2.978
2.9
2.707
3.284
2.885
2.839
2.561
2.799
2.829
3.17
2.802
2.858
2.957
2.849
3.113
2.668
2.797
2.864
2.643
2.756
2.779
2.727
2.89
2.49
2.712
3.11
3.163
2.957
3.163
2.992
2.975
3.144
2.87
2.812
3.177
2.851
2.993
2.799
2.956
2.865
2.985
3.214
3.084
3.236
3.172
2.674
2.987
2.965
2.744
2.822
2.799
2.616
3.088
2.826
3.177
2.991
3.034
3.091
2.911
2.651
2.819
2.718
2.972
3.093
3.183
3.306
2.908
2.814
2.182
3.172
3.338
2.944
2.823
3.139
2.772
2.428
2.635
2.757
3.178
2.967
2.6
2.801
2.885
2.691
2.932
2.828
2.744
2.965
2.867
2.679
2.841
3.013
2.812
2.991
3.282
2.777
2.887
2.502
2.45
2.297
2.783
2.62
2.801
2.611
3.069
2.828
2.535
3.017
2.597
2.593
2.867
2.602
2.636
2.56
2.898
3.048
2.801
2.807
2.552
3
2.704
2.697
2.974
3.071
3.044
2.913
2.967
2.489
2.597
3.29
2.497
2.939
2.974
2.85
3.193
2.974
2.447
2.785
2.664
2.665
3.125
2.903
2.851
2.817
2.913
2.64
2.955
2.772
2.742
3.071
2.989
2.84
2.818
2.842
2.964
2.826
2.822
2.816
3.266
3.129
2.848
2.894
3.454
2.96
2.951
2.848
2.742
2.943
3.036
2.926
2.638
2.981
2.978
3.075
2.58
2.536
2.841
2.787
2.703
2.85
2.941
3.095
2.633
2.886
2.91
3.066
2.971
2.892
2.729
3.082
3.289
2.254
3.014
2.8
2.598
2.799
2.765
2.832
2.91
3.143
2.953
3.015
2.724
2.867
3.07
2.635
2.957
2.468
2.571
2.906
2.783
2.699
2.552
2.891
2.929
3.232
2.544
2.823
2.623
2.739
2.482
2.76
3.174
2.791
2.802
2.807
2.745
3.115
2.882
3.03
2.952
3.211
3.375
3.263
2.704
2.971
3.165
3.053
2.819
3.241
3.344
2.855
3.135
2.947
2.846
3.022
2.873
2.776
3.261
2.875
3.038
2.878
2.798
2.314
2.545
2.888
2.503
2.356
2.543
3.139
2.74
2.816
3.085
2.911
2.666
2.262
2.937
2.571
2.507
2.637
2.248
2.993
2.757
2.597
3.048
2.992
2.997
2.654
2.676
3.016
3.194
3.089
2.79
2.971
2.942
2.708
3.215
3.226
3.009
3.343
2.443
2.939
3.125
3.041
3.28
3.229
3.366
3.204
2.483
2.933
3.19
2.746
2.503
2.857
3.085
3.01
3.057
3.088
3.512
2.907
2.699
2.791
2.901
3.037
2.819
2.722
2.746
2.635
3.378
3.152
2.895
2.98
2.779
2.405
2.776
2.79
2.496
2.968
2.988
2.845
2.765
3.013
2.65
2.854
2.923
2.807
2.919
3.189
2.635
2.866
3.026
3.026
3.134
2.603
2.869
3.024
2.829
2.895
3.012
2.839
3.042
2.877
2.827
2.994
3.035
2.679
2.475
2.547
2.35
2.894
3.094
2.465
2.724
2.699
2.868
2.768
2.565
3.012
2.76
2.656
2.575
3.239
2.823
2.613
2.534
2.595
2.965
3.021
2.985
3.271
2.516
3.044
2.957
2.777
2.654
2.759
2.743
2.8
2.768
2.758
2.76
2.673
3.135
2.911
2.942
2.868
2.528
2.922
2.657
2.697
2.638
2.778
2.89
2.675
3.26
2.716
3.063
2.436
3.328
3.039
2.771
2.593
2.517
2.961
2.476
2.613
2.813
2.685
2.887
2.845
3.279
2.867
3.125
3.105
2.988
3.166
3.086
3.329
2.371
2.97
2.862
2.645
2.857
3.278
2.533
3.368
3.115
3.017
2.83
2.784
2.863
2.203
2.616
2.55
2.86
2.539
2.537
3.131
2.996
2.89
3.051
3.092
2.961
3.347
3.071
2.553
2.929
3.157
2.971
2.88
3.353
3.302
3.163
3.058
3.143
3.172
3.036
2.457
2.849
2.541
2.747
2.726
3.394
2.987
3.157
2.667
2.778
3.132
3.081
2.703
3.284
2.904
3.348
2.976
3.048
3.181
2.969
2.866
2.546
2.607
2.632
2.474
3.342
3.5
3.011
3.038
2.644
2.654
2.588
2.669
3.11
2.936
2.796
3.362
3.111
3.081
3.08
2.905
3.045
2.642
2.397
2.504
2.549
2.706
3.025
2.91
2.941
2.576
3.306
3.008
2.683
2.937
3.123
3.144
2.832
2.935
2.574
2.731