X
29.02
28.52
28.63
28.76
28.85
28.72
28.89
28.86
29.31
28.63
28.95
28.97
28.86
28.84
28.98
29.09
28.78
29.14
28.37
28.78
28.71
29.19
28.59
28.73
28.68
28.74
29.16
28.99
28.97
28.91
28.92
28.84
28.77
28.73
28.87
28.95
28.73
29.43
29.1
29.25
28.8
29.11
28.94
28.93
29.19
28.83
28.73
28.75
29.08
28.96
28.85
29.03
29.17
28.98
28.69
28.89
28.7
28.84
28.58
28.99
29.16
28.81
28.81
28.74
28.58
28.99
29.05
28.6
28.77
28.53
29.22
28.98
29.19
29.04
29.07
28.35
28.45
29.04
28.99
28.52
28.86
29.03
28.4
29.05
28.74
28.45
28.82
29.01
29.15
29.03
28.81
28.92
29.1
28.98
28.62
28.55
28.65
29.03
28.77
28.82
29.02
28.78
28.56
29.02
28.57
28.98
28.87
29.37
28.68
28.83
29.06
28.78
28.61
28.94
28.59
29.01
28.56
28.34
28.89
28.27
28.5
29
28.48
28.8
28.85
28.86
29.18
28.91
28.98
28.6
28.97
28.79
28.8
28.78
28.98
28.84
29.24
28.75
29.27
29.13
28.99
28.79
28.75
29.07
29.08
28.84
28.87
28.79
28.56
28.8
28.9
28.51
29.01
28.66
28.73
28.56
28.83
28.79
28.73
28.75
28.94
29.17
28.69
28.9
29.15
28.87
28.83
28.48
28.76
28.77
28.98
28.89
28.98
28.87
28.57
28.93
29.09
28.93
28.72
28.73
28.59
29.09
28.7
28.88
28.76
28.6
28.45
28.78
28.79
28.81
28.85
28.39
29.04
28.75
28.3
28.73
28.94
29.13
28.58
28.45
29.05
28.95
28.88
28.92
29.12
29.03
28.22
28.97
28.83
28.61
28.71
28.81
29.17
28.74
28.57
28.69
28.99
28.79
29.08
28.87
28.85
29.04
28.57
28.89
28.75
28.95
28.75
28.86
28.94
28.4
28.52
28.75
28.37
28.97
28.97
28.84
29.02
28.43
28.78
28.68
29.13
29.01
28.84
28.98
28.91
28.75
28.71
28.71
28.96
28.33
28.82
28.96
28.47
28.86
28.74
28.63
28.71
28.34
28.94
28.59
28.73
28.86
28.6
29.03
28.45
28.82
28.75
28.82
28.81
29.18
28.61
28.55
28.87
28.94
29.04
28.92
28.87
28.77
28.49
28.65
28.71
28.85
29.23
28.7
28.56
29.05
29.05
28.79
28.71
29.12
28.65
28.73
28.49
28.56
28.91
28.38
28.92
28.86
28.87
29.08
28.57
28.94
28.85
28.75
28.71
28.68
28.87
28.78
29.03
28.77
28.53
28.69
28.55
28.86
28.13
28.4
28.99
28.86
28.92
28.72
28.71
28.77
28.97
28.67
28.72
28.7
28.53
28.78
28.97
28.93
29.12
28.87
28.9
28.59
28.42
29.05
28.57
29.09
28.88
28.64
29.07
28.44
29.23
29.01
28.73
28.75
28.89
28.71
28.65
28.79
28.94
29.01
28.53
28.44
28.79
28.84
29.08
28.93
29.1
28.95
28.82
28.61
28.68
28.83
28.69
28.27
28.96
28.98
28.73
28.53
28.5
28.51
28.92
28.58
28.32
28.64
28.66
28.63
28.71
28.31
28.67
28.54
28.73
28.72
28.83
28.37
28.74
28.67
28.45
28.67
28.77
28.4
28.9
28.77
28.61
28.86
28.71
29.11
29.18
28.59
28.41
29.16
28.91
28.71
28.64
28.95
28.83
28.95
28.63
28.61
28.44
28.74
28.82
28.37
29.03
28.57
28.67
28.67
28.84
28.71
29.03
28.91
28.73
28.35
28.57
28.65
28.93
28.98
28.6
28.58
29.02
29.01
28.8
28.97
28.88
28.47
28.61
28.64
28.65
28.68
28.66
28.41
28.55
28.84
28.92
28.41
28.46
28.51
28.64
28.65
29.02
28.77
29.07
28.55
28.88
28.77
29.03
28.58
28.9
28.67
28.7
28.26
29.04
28.61
28.74
29.02
28.5
28.76
29.05
28.92
28.89
28.46
29.1
28.54
28.89
28.89
28.36
28.41
28.83
28.93
28.59
28.64
28.66
28.76
28.33
28.99
28.65
28.87
28.91
28.97
28.57
28.79
28.63
29.01
28.66
28.36
28.89
28.37
28.61
28.69
28.86
28.74
28.39
28.46
28.71
28.52
29.04
28.84
28.98
28.24
28.78
28.41
28.68
28.58
29.05
28.98
28.46
28.53
28.84
28.55
29.21
29.11
29.07
28.72
28.7
28.61
28.5
28.67
28.44
29.23
28.84
28.89
28.59
28.66
29.01
28.73
28.69
28.4
28.65
28.52
28.6
28.84
28.57
28.57
28.97
28.77
28.8
28.81
28.85
28.78
28.75
28.42
28.6
28.74
28.67
28.72
28.66
28.43
28.8
29.2
28.68
28.71
28.48
28.53
28.85
28.62
28.37
28.82
28.61
28.54
28.53
28.93
28.38
28.9
28.8
28.81
28.53
28.45
28.77
29.24
28.75
28.91
28.63
29.19
28.68
29.22
28.74
29.22
28.76
28.77
28.34
28.94
28.94
28.71
28.35
28.87
29.04
28.77
28.97
29
28.94
29.03
28.85
28.64
28.97
28.78
28.69
28.53
28.68
28.56
28.86
28.5
28.92
28.79
28.98
28.7
28.55
28.94
28.68
28.6
29.1
28.77
28.76
28.86
28.96
28.89
28.75
28.78
28.93
28.52
28.86
28.84
28.69
28.98
28.7
28.69
28.48
28.54
28.66
29.11
28.73
28.73
28.72
28.76
29.11
29.21
28.79
28.85
28.74
28.89
28.72
29.1
28.44
28.9
28.57
29.09
28.78
29.04
28.96
28.87
28.61
29.09
28.93
28.74
28.98
28.86
28.94
28.95
28.8
28.82
28.57
28.76
29.16
28.73
28.45
28.57
28.87
29.02
28.89
28.93
29.05
28.75
28.85
29.05
28.98
29.15
28.98
28.74
28.52
29.03
29.24
29.06
28.79
29.02
28.55
29.23
28.81
28.62
28.95
28.96
28.56
28.86
29.22
28.72
28.84
28.67
28.82
28.94
29.3
28.96
28.86
28.86
29.41
29.24
29.34
29.41
29.29
28.94
29.24
28.95
29.12
28.91
28.82
29.21
28.82
28.88
29.03
28.98
28.5
28.91
28.69
29.05
29.14
28.92
29.03
28.83
29.02
28.79
28.62
29.01
28.53
28.95
29.17
28.55
28.77
28.88
28.67
28.54
28.77
28.97
29.07
28.83
28.91
28.73
28.39
29.3
29.25
28.67
28.84
28.54
29.26
29.06
28.76
28.93
29.1
28.53
28.48
29.13
29.11
28.19
28.67
28.92
29.26
28.59
29.09
28.98
28.76
28.89
28.68
28.86
29.07
28.66
28.93
29.15
28.53
29.13
29.18
28.8
28.87
28.39
28.59
28.56
28.78
28.94
28.94
29.15
28.65
28.86
29.23
29.03
28.64
28.87
28.95
29.28
28.93
28.94
29.07
29.02
28.67
28.68
28.84
29.16
28.76
28.58
28.92
29.23
28.7
28.9
29.02
28.46
28.86
29.09
29.04
28.35
29.06
28.65
28.94
28.61
29.04
29.03
29.07
28.91
28.97
28.69
28.65
28.69
28.6
28.83
28.99
29.14
28.96
28.8
28.67
28.64
28.68
28.93
28.47
28.76
28.99
28.86
29.09
28.54
28.96
28.97
28.92
28.53
28.42
28.57
28.88
28.97
29.03
28.96
28.72
29.34
29.07
28.9
28.83
28.83
28.66
28.42
28.7
28.9
28.81
29.02
28.88
28.59
28.54
28.88
29
28.7
28.96
29.14
29.06
29.29
28.97
28.61
28.66
28.62
28.7
28.85
29.13
28.74
28.97
29.14
28.55
28.99
28.48
29.23
29.18
29.01
28.55
28.59
28.99
28.74
28.94
28.67
29.32
28.83
29.1
28.92
28.62
28.75
28.77
28.8
28.95
28.77
29.05
29.22
28.9
28.74
29.05
29
28.6
29.29
28.79
28.76
28.65
28.91
28.91
29.1
28.53
28.75
28.94
28.66
29.06
28.97
28.5
29.08
28.69
28.63
28.76
28.52
28.98
28.31
28.77
28.56
28.88
28.67
28.79
29.04
29.05
28.52
29
29.16
29.11
29.09
29.23
28.9
28.58
28.86
28.97
29.08
28.77
28.84
29.3
28.91
29.05
29.12
28.63
28.84
28.55
28.97
29.09
28.46
28.93
28.71
28.97
28.93
29.3
28.93
29.1
29.39
28.61
28.84
29.04
28.93
29.18
28.9
29.2
28.87
29.08
28.8
29
28.95
28.78
28.76
28.94
28.84
28.64
29.03
28.97
28.86
29.08
28.7
28.98
29.01
28.55
28.99
28.65
29.18
28.99
28.3
29.32
28.91
28.43
28.94
28.72
29.13
28.86
29.4
28.49
28.75
28.87
29.13
29.15
28.71
28.45
29.24
28.85
28.91
29.03
29.1
28.69
28.64
29.36
28.6
28.86
28.93
29.12
29.05
28.93
28.85
29.11
28.74
28.87
28.82
29.03
29.21
29.12
28.79
28.85
28.94
28.65
28.9
29.28
28.91
28.8
29.1
28.92
28.86
28.93
28.77
28.9
28.64
28.69
28.63
28.97
29.18
28.88
28.74
28.83
28.85
29
29.11
28.78
28.76
28.9
29.28
29.23
28.97
28.73
28.88
28.88
28.63
28.5
29.04
29.02
28.92
29.2
28.77
28.62
28.92
28.6
29.3
28.95
29.03
29.09
29
28.9
29.06
29.03
28.87
29.17
28.8
29.19
28.99
28.66
28.96
29
28.62
29.11
28.89
28.9
28.51
29.02
28.97
29.28
28.61
28.84
28.95
28.67
28.78
29.07
28.66
29.16
28.61
28.68
28.73
28.6
28.56
28.89
28.08
29.12
28.84
29.13
28.73
28.54
28.8
28.84
28.76
28.64
29.05
28.41
28.48
28.73
28.55
28.99
28.73
28.45
28.87
28.41
28.76
28.99
28.68
28.4
28.83
28.73
28.84
28.57
29.12
28.94
28.65
28.55
29.18
28.81
28.63
29.07
28.63
28.89
28.66
28.94
29.04
28.92
28.74
28.32
28.32
28.79
28.95
29.13
28.71
28.78
28.69
28.77
28.98
28.99
29.01
28.93
28.78
28.82
29.16
28.9
28.41
28.77
28.23
28.8
28.98
28.86
28.49
28.9
28.76
28.85
28.81
28.66
28.81
28.63
28.43
28.83
28.54
29.1
29.05
28.93
28.57
29.11
28.98
29.06
28.66
29.26
29.44
28.95
29.13
29.17
29.19
29.18
28.53
28.91
28.49
28.78
28.82
29.23
28.98
28.96
29.09
28.39
28.95
28.69
29
28.8
28.66
28.88
29.31
28.88
29.03
28.71
28.85
28.96
28.79
29.22
29.06
28.92
28.8
29.15
28.89
28.95
29.04
28.97
29.11
28.8
28.63
28.63
29.14
29.26
29.17
28.88
28.48
28.73
28.76
28.87
28.95
28.85
28.91
29.11
28.87
28.85
29.13
29.2
28.96
28.27
29.03
28.81
29.1
28.57
29.09
28.91
29.1
29.06
28.76
29.17
29.27
28.66
28.79
29.1
28.84
28.6
28.76
28.75
29.1
28.56
28.68
29.07
28.77
28.77
28.83
28.76
28.99
28.64
28.81
28.81
28.74
28.76
28.68
28.55
28.56
28.5
28.86
28.9
28.89
29
28.73
28.78
28.84
28.95
29.14
29.02
29.14
28.65
29.01
28.67
28.82
29.23
29.3
29.3
28.94
28.88
28.78
29.1
28.97
29.01
28.86
29
28.76
28.75
29.2
29.11
29.39
29.32
28.41
28.92
28.79
28.69
28.91
28.74
28.43
28.96
28.73
28.91
28.98
29.23
28.94
28.98
28.57
28.91
28.66
28.79
28.84
28.55
28.93
28.76
28.99
28.64
29.35
28.84
28.87
28.98
28.8
28.81
28.43
28.86
28.77
28.52
28.47
28.79
28.51
28.49
29.03
29.04
28.96
28.39
28.82
29.41
28.72
28.75
28.64
28.67
28.71
29.1
28.73
28.72
28.94
28.87
29.24
28.68
28.77
29.13
28.77
28.86
28.73
28.83
28.58
28.82
28.64
28.82
28.59
28.66
28.74
28.65
29.06
29.35
28.96
29.02
29.05
28.7
28.89
28.8
29.1
29.15
29.12
28.92
28.77
28.58
28.58
28.7
28.81
28.73
28.7
28.69
28.75
28.86
28.75
28.56
28.89
29.02
28.75
28.85
28.55
28.74
28.9
29.01
28.92
29.04
28.52
28.66
28.77
28.72
28.82
28.8
28.59
29.1
28.86
28.82
28.91
28.69
28.87
29
28.72
28.92
28.42
28.94
28.68
29.21
28.9
28.71
28.99
29.16
28.7
28.83
28.91
29.05
28.93
28.89
28.86
29.09
28.65
28.66
28.88
28.32
28.66
28.7
28.92
28.8
28.77
28.74
29.1
28.61
28.36
28.99
28.65
28.99
28.77
29.52
29.05
28.87
29.19
29.31
29.1
28.55
29.18
28.45
28.82
28.93
28.81
29.19
28.66
29.03
28.86
28.68
28.85
28.62
28.81
28.8
28.51
28.96
28.82
28.56
29.11
28.97
28.75
28.84
29
28.54
28.98
28.84
28.77
29
28.84
28.78
28.63
28.77
28.93
28.81
28.59
28.77
28.72
29.07
28.85
28.97
28.5
28.76
29.01
28.67
28.7
28.75
29.12
28.63
28.95
28.59
28.98
29.05
29.4
28.82
28.96
29.37
29.09
28.75
28.99
28.71
28.43
29.06
29.1
29.21
29.25
28.51
28.67
28.68
29.15
28.64
29.06
28.95
29.06
28.74
28.81
28.93
29.05
28.58
28.9
29.28
29.37
28.9
28.64
28.76
28.65
28.61
28.83
28.96
29.28
28.93
28.96
28.69
29.13
28.94
28.99
28.77
28.73
29.25
28.67
28.99
28.55
28.8
29.35
28.9
29.22
28.82
28.33
29.07
28.87
29.06
29.04
28.9
28.85
28.93
29.02
28.88
28.76
29.19
28.81
28.65
29.02
29.13
29.01
28.49
28.73
28.45
28.6
28.94
29.13
28.85
28.56
28.86
29.26
28.59
29.14
28.54
28.89
28.51
29.36
28.34
28.92
28.79
28.62
29
28.63
28.99
29.07
28.92
28.7
28.6
28.85
28.87
28.62
28.92
28.7
28.64
28.66
28.97
29.05
29.09
28.94
29
28.98
29.06
28.68
28.37
28.98
28.74
29
28.87
28.84
28.48
28.84
28.65
28.47
28.88
28.88
28.35
28.91
28.35
28.68
28.73
29
28.74
28.88
28.93
28.57
28.92
28.73
28.98
28.82
28.98
29.01
28.31
29.11
28.81
29.17
28.72
28.9
28.53
28.63
28.89
28.61
28.63
28.39
29.38
28.93
29.11
28.95
28.93
29.22
28.76
29.19
29.22
28.54
29.01
29.43
29.04
28.78
28.62
29.22
28.64
28.74
28.91
29.09
28.45
28.94
29.02
28.91
29.09
28.87
28.62
28.84
28.94
28.61
29.26
28.66
28.76
29.24
28.62
28.59
28.9
29.17
28.99
28.83
28.67
28.85
28.77
28.88
29.31
28.88
29.13
28.72
28.98
28.44
28.77
28.94
28.89
28.62
28.91
28.32
29.01
28.75
29.08
28.32
28.84
28.5
28.41
29.05
28.84
29.16
28.92
28.8
28.81
28.63
28.64
28.65
29.02
28.78
29.53
28.79
28.98
29.19
28.85
28.9
29.04
29.09
28.78
29.09
29.21
29.01
28.75
28.92
29.36
28.9
28.98
28.95
29.07
28.87
28.77
29.2
28.81
29.15
28.72
28.85
28.64
29.03
28.75
28.7
28.88
28.54
28.93
28.39
28.93
29.12
28.98
29.35
28.64
28.83
28.86
29.06
28.7
28.99
28.9
29.53
28.77
29.07
29.18
29.25
29.12
28.88
29.58
29.07
29.09
28.73
28.74
28.9
28.89
28.71
28.85
29.09
28.93
29.06
28.73
28.94
29.1
29.14
28.62
28.59
28.85
29.01
29.14
28.73
28.88
28.72
28.85
29.05
28.69
29.02
28.86
28.71
28.68
28.97
28.91
28.68
28.67
28.82
28.57
29.21
29.12
29.24
29.1
29.06
28.93
29.2
28.66
29.01
28.97
29.02
29.1
29.09
28.61
28.57
28.83
28.8
29.1
28.87
28.8
29.14
29.01
28.72
28.71
29.02
29.01
29.29
28.96
29.21
28.75
28.9
29.27
29.17
29.14
29.03
28.89
29.37
28.75
28.75
28.79
28.92
29.04
29.03
29.1
28.78
28.94
28.97
29.17
29.08
29.19
29.17
28.64
29.18
28.95
28.94
29.09
28.92
29.01
29.25
29.07
28.74
29.21
28.69
28.64
29.12
28.83
28.97
28.96
28.93
28.9
28.99
28.78
28.84
28.82
29.22
28.32
28.97
28.6
29.04
29.16
28.89
28.76
28.65
28.64
28.85
29.07
28.98
29.1
28.91
29.11
28.48
29
28.83
28.7
28.46
29.02
29.05
28.53
28.95
28.59
28.55
28.58
28.96
28.83
28.76
29.1
28.85
28.68
29.39
28.79
28.9
28.85
29.08
29.23
28.81
29.04
28.93
28.95
28.85
29.16
29.16
28.34
28.89
29
29.04
29.09
29.18
29.34
28.95
28.69
28.33
28.72
28.23
28.84
29.36
28.96
29.06
28.73
28.87
28.86
28.96
28.67
28.81
28.64
28.94
29.06
28.93
28.89
28.83
28.81
29.27
29.24
28.46
28.74
28.34
29.03
29.14
28.86
29.07
28.67
28.83
29.14
29.15
29.06
29.03
28.77
28.55
28.9
29.11
28.68
29.27
28.39
28.97
28.82
28.69
28.82
28.78
28.78
28.63
28.71
29.02
29.05
28.78
28.86
28.7
29.06
29.02
29.06
28.95
28.96
28.83
28.45
29.07
29
29.54
29.17
28.88
29.09
28.86
28.7
29.09
29.34
29.07
28.78
28.94
28.5
28.89
28.68
29.16
28.59
29.05
28.68
28.85
28.98
28.83
28.59
29
28.48
28.96
29.04
28.81
28.88
28.74
29.05
29.25
28.99
29.05
28.98
28.38
28.54
28.18
28.61
29.12
28.84
29.21
28.92
28.91
28.47
28.67
28.89
28.92
28.66
28.4
28.66
28.88
28.42
28.8
28.54
28.48
28.95
29
29
28.34
28.85
28.51
28.54
28.66
28.66
28.7
28.73
28.73
28.7
28.86
28.44
28.84
28.99
28.85
29.1
28.98
28.93
28.6
28.7
28.71
28.61
28.46
28.82
28.77
28.58
28.7
28.92
28.49
28.84
28.34
28.95
28.69
28.26
28.53
28.82
28.69
28.48
28.74
28.58
29.06
28.91
28.52
28.87
29.07
29.01
28.73
28.75
28.67
28.94
29.1
28.98
29.02
29.15
28.78
28.78
28.89
29.02
29.17
28.67
29.41
28.89
28.85
28.47
29.07
28.67
29.04
28.82
28.86
29.23
28.79
29
29.2
28.67
28.96
28.87
28.92
29
28.8
28.94
28.66
28.82
28.54
28.73
28.75
28.97
28.86
29.17
29.39
29.19
28.83
28.55
28.81
29.25
28.9
28.25
29.13
28.59
28.73
28.95
29.16
29.1
28.97
28.83
28.6
28.7
28.86
28.82
28.79
28.83
29.17
29.05
28.72
28.88
29.15
28.66
28.76
29.1
28.78
28.87
29
29.05
28.92
28.77
29.12
28.78
28.46
28.67
29.09
28.81
28.92
28.99
29.1
28.94
28.81
28.8
28.46
28.37
29.11
29.01
28.8
28.64
29.11
28.74
28.78
28.79
28.97
28.86
28.92
28.95
28.58
28.96
28.71
28.83
28.84
28.9
28.47
28.85
29.02
28.91
28.64
29.03
28.97
29.4
29.08
29.17
28.89
28.99
29.38
28.72
29.07
29.21
28.64
28.41
29.09
28.52
29.04
29.06
28.69
28.32
28.73
29.06
28.63
28.89
29.08
29.01
28.76
28.86
28.8
28.56
28.87
28.62
29.02
28.89
28.55
29.02
29.1
29.15
28.96
29.24
29.31
29.27
28.84
28.89
28.73
29.32
29.07
29.04
29.08
28.94
28.87
28.87
29.08
28.89
29.15
28.86
29.29
28.81
29.29
29.55
29.01
28.68
28.76
28.71
29.02
28.65
29.3
28.98
29.1
28.83
28.83
28.56
29.19
28.98
29
28.72
29.1
28.83
28.77
29.05
28.92
29.26
28.85
29.43
28.74
29.13
29.32
28.89
29.23
28.78
28.85
28.77
28.54
29.09
28.72
29.21
29.18
29.25
28.95
29.06
29.02
28.76
28.88
28.58
28.88
29.16
28.92
28.79
29.59
29.18
28.88
28.81
28.9
28.22
28.77
28.91
28.88
28.81
28.74
28.75
28.93
28.85
28.8
28.56
28.65
28.44
28.51
28.49
29.01
29.14
29.09
28.79
29.09
28.6
28.83
28.78
28.72
28.77
29.19
29.08
28.9
29.13
28.76
28.86
29.19
28.87
28.57
28.54
29.15
28.28
28.97
28.84
28.72
28.86
28.93
28.62
28.72
28.78
29.1
29.02
28.54
28.82
28.85
28.84
28.67
28.74
28.9
28.62
28.6
28.94
28.84
28.87
28.87
28.8
28.92
29.14
28.64
28.89
28.78
29.03
28.86
28.8
28.41
28.61
28.86
28.62
28.91
28.86
28.97
28.57
29.25
28.84
28.78
29.06
29.13
28.98
28.77
28.51
28.98
28.92
28.95
29.57
28.75
29.08
28.89
28.73
28.79
28.74
28.84
28.85
28.93
29.03
28.68
28.96
28.82
28.87
29.02
29.15
28.87
28.86
29.36
29.07
29.63
28.87
29.32
28.99
28.92
29.22
29.01
29.32
28.93
28.92
28.59
29.05
29
28.91
28.84
29.18
28.7
28.99
29.11
29.09
29.1
28.78
28.8
28.92
29
28.58
28.83
28.44
28.31
28.62
28.57
28.92
28.92
28.48
28.79
28.53
29.07
28.92
28.9
28.96
28.72
28.95
28.46
28.82
28.81
28.77
28.68
28.74
28.6
29.23
29.08
28.64
28.78
28.97
29.04
29.1
28.65
28.82
28.84
28.82
28.14
28.96
29
28.64
28.77
28.59
28.77
29.37
28.74
28.94
28.72
29.12
28.63
28.94
28.96
28.77
28.64
28.6
28.79
28.46
28.8
28.66
29.11
28.67
29.21
28.87
28.68
28.78
28.57
28.41
28.81
28.64
28.55
28.94
28.28
28.58
28.52
28.93
29.08
28.67
29.03
29
28.95
28.8
29.07
28.96
28.95
28.77
29.09
28.59
28.91
29.14
28.99
28.9
29.03
28.81
29.21
28.68
28.73
29
28.36
28.98
28.79
29.15
28.95
28.76
28.88
29.26
28.82
28.95
29.45
28.91
28.67
28.8
29.08
29.2
28.89
28.62
28.97
28.94
29.06
28.98
29.04
29.2
28.84
28.72
29.12
28.99
28.97
28.66
28.97
28.71
28.76
28.91
28.91
28.5
29.28
29.14
28.85
28.71
28.9
28.58
29.21
28.83
28.95
29.17
28.54
28.56
28.56
28.83
28.92
28.54
29.04
28.88
28.67
28.74
28.64
29.16
28.99
28.69
28.49
28.59
28.92
28.65
28.89
28.69
29.15
29.01
28.77
28.59
28.74
28.77
28.81
28.99
28.95
29.17
29.1
28.7
28.95
28.8
28.66
28.69
28.75
28.89
28.91
28.5
29.1
28.87
28.87
29.07
28.59
28.99
28.76
28.91
28.53
28.52
29.11
27.87
28.51
28.63
28.48
28.67
28.89
28.47
28.86
29.07
28.44
29.11
28.71
28.76
28.74
28.78
29.1
28.7
28.88
28.98
28.89
28.48
28.77
29.03
29.06
28.7
29.34
29.31
28.87
28.91
28.87
28.96
29.02
28.4
28.35
28.76
28.93
29.35
28.81
29.19
29.09
29.02
28.51
28.99
28.92
28.86
29.5
29.04
28.8
28.89
28.92
28.52
28.73
28.9
28.87
29.27
28.69
28.91
28.86
29.03
29.04
28.63
28.91
29.22
28.84
29.1
28.91
28.84
29.19
28.59
28.78
28.64
29.25
28.6
29.03
28.85
28.64
28.71
28.87
28.81
28.52
29.26
29.41
28.85
28.7
28.98
28.97
29.14
28.72
28.7
29.11
29.09
29.01
28.85
28.6
28.81
28.94
28.72
29.07
29.19
29.32
29.22
28.93
28.95
29.37
28.62
29.03
28.83
28.89
28.97
28.78
28.82
29.04
29.05
28.79
28.97
28.89
28.96
28.84
29.21
29.07
29.17
28.97
28.82
29.01
29.13
29.13
29.12
28.7
28.82
28.97
29.03
28.71
28.96
28.38
28.9
28.87
28.41
29
28.84
28.68
28.98
29.12
28.96
29.14
29.09
29.01
28.54
28.85
28.54
28.38
29.38
28.75
28.71
28.99
28.95
28.48
28.67
28.66
28.55
29.01
28.78
28.63
29.04
29.02
28.73
29.54
28.54
28.73
28.95
29.01
28.73
28.28
28.67
28.93
28.55
28.79
28.87
28.73
28.73
29.12
28.83
29.12
28.69
28.64
29.24
29.11
29.07
29.31
28.95
28.63
29.21
28.71
28.96
28.43
28.75
28.8
29.29
28.67
28.77
28.58
28.95
28.62
28.79
28.62
28.47
28.92
28.58
28.76
28.83
28.76
28.8
28.79
28.72
28.36
28.77
28.53
29.02
29.15
28.68
28.88
28.67
29.08
28.7
28.78
28.71
28.81
28.46
28.98
28.6
28.72
28.55
29.17
28.72
28.52
28.84
28.73
28.88
28.92
28.96
28.84
28.88
29.01
29.07
28.83
29.22
29.08
28.54
29.14
28.9
28.84
28.76
28.58
29.22
28.68
29.06
28.91
29.01
28.51
28.91
28.83
28.63
29.07
28.79
28.44
28.75
28.8
29.08
28.99
28.9
29.03
29.17
28.82
28.82
29.33
28.84
28.61
28.53
28.86
28.98
28.69
29.19
29.17
28.83
28.9
29.17
28.97
28.86
28.67
28.9
29.46
28.91
28.88
28.87
28.54
28.9
28.87
28.46
29.09
28.84
29.03
28.57
28.58
28.89
28.56
28.48
28.61
28.89
29.02
28.8
29
29.14
28.88
28.84
29.47
28.95
29.16
29.05
28.86
29.18
29.02
28.4
28.97
29.05
28.92
28.9
28.86
28.58
28.47
28.58
28.71
28.99
28.76
29
28.74
29
29.15
28.61
28.51
28.74
29.07
28.91
28.99
28.66
29.11
29.07
28.48
29.31
29.16
28.99
28.71
28.6
28.95
28.77
28.71
28.88
28.77
29.09
28.54
28.9
28.9
28.78
28.66
28.96
28.88
28.76
28.7
28.67
28.68
28.95
29.11
29.4
28.73
29.19
28.95
29.02
28.97
28.62
28.69
28.99
29.15
28.64
28.89
28.75
28.55
28.9
29.09
28.68
28.7
28.84
28.74
28.68
29.09
28.68
28.9
28.81
28.65
28.93
28.68
28.58
28.77
28.77
28.98
29.05
29.38
29.36
28.46
29.24
28.94
29.12
29.16
28.66
29.13
29.11
29.15
28.97
29.32
28.6
29.07
29.03
29.14
28.8
29.21
28.92
29.17
28.92
29.03
28.39
28.84
28.91
28.8
29.02
28.8
28.62
29.19
29.09
28.65
29.17
29.32
28.81
29.44
28.98
28.96
29.49
28.72
29.03
28.87
28.84
28.98
28.86
28.95
29.04
28.46
28.78
28.96
28.98
29.04
28.98
28.98
28.91
28.93
28.79
28.6
28.6
29.03
29.31
28.81
28.94
29.15
28.65
28.82
28.91
29.12
28.69
28.5
29.17
28.71
28.54
28.89
29.25
28.72
28.83
28.8
28.9
29.08
28.97
28.8
29.1
28.93
28.63
28.62
28.87
28.91
28.76
29.09
28.85
28.84
28.6
28.58
28.79
28.78
29.13
28.6
29.31
28.46
29.25
28.81
28.94
28.76
28.41
28.77
29.25
28.61
28.9
28.89
28.66
29.19
28.74
28.47
28.57
28.74
28.55
28.69
28.73
29.15
28.58
28.61
28.77
28.87
29.12
28.74
28.69
28.38
28.77
28.24
28.93
28.71
28.69
28.94
28.35
28.5
28.8
28.77
28.53
28.95
28.84
29.11
28.86
28.62
28.95
29.22
28.71
28.66
29.04
28.73
28.41
28.31
28.94
28.7
28.62
28.88
28.41
28.77
28.64
29.1
28.66
28.61
28.61
28.74
28.66
28.73
28.83
28.88
28.68
28.7
28.5
28.6
29.31
29.15
28.9
29.07
28.87
28.74
28.8
28.87
29.07
28.96
28.98
29.35
29.07
28.86
28.57
29.1
29.5
28.76
29.27
29.29
28.96
28.92
28.72
29.02
29.26
28.85
28.79
28.85
29.01
28.85
28.78
28.81
29.03
28.69
29.06
29.07
29.27
28.91
29.26
28.82
29.12
28.96
28.73
28.85
28.82
28.7
28.71
28.73
28.62
28.97
28.6
28.39
28.69
28.83
29.2
28.65
28.4
29.14
28.99
28.88
28.79
29.17
29.2
29.04
28.94
28.72
28.59
29.14
29.16
28.87
28.87
28.91
29.06
29.36
28.67
28.93
28.77
28.85
29.18
29.06
28.83
28.65
28.88
28.98
28.8
28.89
28.78
28.74
29.16
28.83
29.08
29.42
29.36
28.48
28.62
29.21
28.93
29.08
29.11
28.68
29.13
28.89
28.85
28.96
28.82
28.85
28.6
29.09
28.83
28.76
29.09
28.79
28.29
28.58
28.86
28.86
28.89
28.57
29.1
28.69
28.73
29
28.74
28.96
28.48
28.73
28.82
28.45
28.74
28.59
28.7
28.39
28.6
28.53
28.97
28.66
28.71
28.85
28.48
28.69
28.8
28.47
28.64
28.63
28.61
28.8
28.77
28.78
28.96
28.51
28.58
28.63
28.76
28.73
29.05
28.81
28.64
28.78
28.38
28.48
28.69
28.43
28.72
28.11
28.86
29.19
29.24
28.86
28.81
28.66
28.71
28.91
29.09
29.37
28.64
28.95
29.04
29.09
28.88
28.72
28.59
29.28
28.78
28.82
29.06
28.25
29.04
28.97
28.89
28.38
28.54
28.98
28.74
28.8
28.78
28.82
28.89
28.37
29.15
28.62
29.1
29.05
28.74
29.23
28.88
28.32
28.9
28.75
28.93
29.01
28.83
28.82
29.08
28.67
28.7
28.98
28.66
29.02
28.98
29.35
28.69
28.84
28.71
29.24
28.87
28.7
28.99
28.74
28.73
28.86
28.83
28.74
28.8
28.71
28.62
28.83
28.62
29.19
29.03
28.62
28.94
28.91
28.58
28.61
28.71
28.68
28.69
29
28.62
28.79
28.64
28.8
28.99
28.56
29.03
28.79
29.07
29.16
28.74
28.74
29.2
28.75
28.58
28.96
28.62
28.85
28.88
28.52
29.01
29.12
29.12
28.58
28.89
28.68
28.96
29.06
28.72
28.76
28.66
28.7
29.38
28.5
28.75
28.65
29.1
28.87
28.91
28.9
29.04
28.92
28.7
28.7
28.74
28.77
28.8
28.61
28.61
28.63
28.71
28.6
28.87
28.64
28.75
28.74
28.54
28.9
28.75
28.79
29.03
28.67
29.06
28.9
28.83
28.93
28.97
28.93
28.89
28.96
28.82
28.97
28.62
28.94
28.45
29.02
28.7
28.57
28.93
28.85
28.41
28.73
28.56
29.28
29.04
28.65
29.05
28.59
29.26
28.66
28.69
28.72
29.44
29.2
28.37
28.88
28.31
28.92
28.88
28.73
28.58
28.79
28.73
29.09
28.84
28.94
28.91
29.05
28.92
28.8
29.23
29.05
28.82
29.18
28.88
29.03
28.77
28.94
28.81
28.9
28.87
28.6
29.37
28.98
28.68
28.51
29.01
28.93
29.18
28.72
28.59
28.91
29.09
28.85
28.75
29.1
28.7
28.87
28.48
29.15
28.76
28.92
28.72
29.01
28.93
28.87
28.97
29.07
28.85
28.85
28.85
29.14
28.7
29.25
29.12
28.67
28.6
29.11
28.44
28.77
29.05
28.84
29.11
29
28.9
28.91
29
28.92
28.98
28.97
28.64
29.14
28.6
28.98
28.81
28.7
28.93
28.82
28.89
28.64
28.7
28.68
29.12
28.94
28.98
29.09
28.35
28.59
28.86
28.85
28.74
28.75
29.15
29.1
28.82
28.66
28.8
28.81
28.95
28.75
28.86
28.68
28.86
28.36
29.03
28.98
29
28.9
28.7
28.74
29.13
28.52
28.49
29.18
28.83
29
29.01
28.66
28.78
28.57
29.06
28.94
28.64
28.78
29.05
28.55
29.1
28.63
28.42
28.62
28.77
28.43
28.55
29.11
29.3
28.65
28.89
28.95
29.16
28.76
28.81
28.95
29.11
28.61
28.89
28.93
28.66
28.95
28.71
28.51
28.7
28.7
28.94
28.85
28.52
28.63
28.66
28.87
28.43
28.82
28.69
29.16
28.82
28.61
28.94
29.16
28.66
28.98
28.55
29.12
28.73
28.77
28.74
29.02
28.82
28.63
28.7
28.75
28.91
29.3
28.83
28.88
28.77
28.81
28.95
29.19
29.09
29.05
28.79
29.15
29.22
29.03
28.57
29.08
28.7
28.48
28.54
28.96
28.55
28.84
28.57
29.22
28.6
28.84
28.82
28.96
29.23
28.72
28.91
28.88
28.85
29.02
29.06
28.79
28.96
28.75
28.53
29.23
28.65
28.95
28.91
28.73
28.8
28.55
28.74
28.83
28.43
29.06
29
29.33
29.21
29.4
29.09
29.04
29.24
29.09
29.04
28.64
28.7
29.22
29.14
28.52
29.26
29.09
28.53
28.93
28.64
28.79
29.04
29.3
29
28.8
29.07
28.91
28.8
29.25
28.92
29.09
28.84
29.18
29.35
29.39
28.92
29.09
29.25
28.93
28.87
28.89
28.82
28.77
28.92
28.9
28.8
28.82
28.91
29.14
28.59
28.9
28.72
29.08
28.53
28.86
28.94
28.71
28.99
28.74
28.97
28.44
28.62
28.82
28.95
29
28.7
28.82
28.8
28.61
28.9
28.81
28.71
28.62
29.02
29.06
28.92
28.6
28.87
29.06
28.98
28.95
28.86
28.72
28.83
29.23
29.32
29.1
28.83
29.31
28.86
28.88
29.1
28.84
29.4
28.82
28.98
29.07
29.23
29.27
28.94
28.95
28.91
28.86
28.83
29.11
28.41
28.96
29.25
28.97
29.03
28.38
29.21
28.92
28.37
28.97
29.3
29.41
28.97
29.15
29.16
29.12
29.03
29.08
29.18
29.22
28.78
28.99
29.39
28.97
29.23
29.07
29.12
28.84
29.19
29.39
29.03
29.26
29.38
28.91
28.77
29.12
29.23
29.37
29.05
29.05
29.01
28.81
29.37
29.24
28.63
29.38
28.8
29.33
28.84
28.79
29.1
28.99
29.13
29.4
28.97
29.02
29.21
29.17
28.91
29.26
29.45
29.06
29.48
28.88
28.58
28.99
29.32
29.23
28.74
28.91
28.72
28.47
28.62
28.96
28.85
29.03
28.83
28.49
28.72
28.71
28.7
29.09
29
28.93
28.96
28.7
28.83
28.61
29.12
28.7
29.04
29.23
28.87
28.73
28.93
28.87
28.85
29.01
28.79
28.53
28.87
28.61
28.9
28.54
28.98
28.92
29.25
28.36
29.42
28.66
28.77
28.77
29.38
29.01
28.77
29.05
29.04
29.27
29.19
28.92
29.08
28.75
29.41
29
29.18
28.94
29.2
28.96
28.83
28.7
28.94
28.87
28.86
29.12
28.68
29.04
28.53
29.27
29.07
28.67
29.4
28.3
29.05
29.25
29.14
29.07
29.42
29.64
29.24
28.95
29.27
29.01
28.88
28.79
28.67
28.69
28.78
28.82
29.03
28.47
28.77
28.83
29.04
28.72
28.96
28.9
28.7
28.69
28.68
29.02
28.67
29.27
28.79
28.72
28.75
28.64
28.73
28.92
28.69
28.76
29.17
28.8
28.66
29.11
29.1
28.87
28.91
29.41
28.98
28.65
29.25
28.64
28.7
28.68
28.76
28.84
28.78
28.63
29.17
28.84
28.68
28.74
29.25
28.89
29.11
29.03
28.86
29.09
28.72
29.33
28.98
29.01
28.96
29.07
28.95
29.06
29.12
28.82
29.1
29.16
29.12
28.59
28.74
28.99
29.05
29.18
28.62
29.09
29.39
29.51
29.17
29.05
29.23
28.97
28.58
28.91
28.8
29.31
28.95
28.76
28.99
28.76
29.04
28.79
29.03
28.91
28.93
28.91
28.91
28.79
29.42
29.06
28.5
29.05
29.34
29.26
29.18
29.05
28.95
28.94
29.02
28.98
29.35
28.85
28.98
28.68
29.03
29.31
28.89
28.57
29.1
29.26
29.16
29.23
29.17
29.32
28.82
29.11
29.4
28.91
28.8
28.9
29.42
29.13
29.11
29.04
28.8
28.64
28.74
29.29
29.12
29.15
28.89
28.89
29.35
29.11
28.68
29
28.92
29.14
29.16
29.06
29.01
28.93
29.29
28.84
28.59
28.78
28.95
28.82
28.72
28.65
29.15
28.74
28.52
29
29.08
28.69
28.56
28.81
28.76
29.05
28.61
28.89
28.62
29.17
28.73
28.8
29.28
29.01
28.84
28.79
28.86
28.95
28.85
28.71
28.91
28.69
29.08
29.11
29.23
28.76
29.08
28.89
28.7
28.57
28.91
29.03
29.27
29.07
28.8
29.13
28.7
28.56
28.81
29.01
28.99
28.93
28.88
28.96
28.8
29.05
29.21
29
29.48
28.73
28.88
29.12
29.05
28.94
28.63
28.85
28.67
28.96
28.71
29.25
28.62
28.69
28.79
29.24
28.92
28.77
29
29.44
28.68
28.86
28.95
29.12
28.67
28.78
29.19
28.97
28.99
28.83
29.01
28.85
29.08
29.18
28.95
29.07
28.88
28.75
28.82
28.8
28.86
28.68
28.86
28.36
29.1
28.86
28.39
28.87
28.57
29.14
28.79
28.73
29.03
28.84
29.11
28.64
29.18
28.85
29.24
28.7
28.71
29.07
28.88
29.12
28.94
28.77
28.53
29.19
28.76
29.38
29
29.04
29.09
28.99
28.79
29.09
28.99
29.06
29.03
28.43
28.33
28.87
28.92
28.48
28.51
28.98
29.21
28.68
28.95
28.84
28.77
28.69
28.57
28.58
28.96
28.63
28.77
28.62
28.6
28.92
28.91
28.4
28.77
28.79
28.57
28.68
28.82
28.67
28.67
28.72
28.9
28.41
28.83
28.85
28.94
28.94
28.81
29.2
29.11
28.56
28.94
29.05
28.56
28.47
28.73
28.76
28.71
28.61
28.53
28.58
28.74
29.09
28.76
28.56
28.95
28.55
29.1
28.79
28.86
29.17
29.47
29.3
28.71
28.99
28.68
29.1
28.96
28.6
29.11
28.92
29.01
28.74
29.29
29.01
28.68
28.89
28.63
28.83
29.32
28.44
28.98
28.45
29
28.82
28.84
29.06
28.91
28.94
29.01
28.88
28.81
29.15
28.38
29.02
28.64
29.06
29.01
28.96
29
29.14
28.58
29.42
29.14
29.05
29.06
28.88
29.03
28.94
29.56
28.7
28.99
28.58
29
28.76
28.56
29.29
28.72
29.03
29.28
29.02
29.61
28.79
28.81
29.11
29.15
29.13
28.67
28.8
29.42
28.65
28.46
28.92
29.08
28.82
28.55
28.49
28.8
28.77
28.85
28.9
28.94
29.27
29.24
28.72
28.57
28.99
28.75
28.92
28.92
28.39
28.87
29.17
29.07
28.9
28.89
29.19
29.22
28.49
29.13
29.07
28.84
28.89
28.85
29.19
28.85
28.83
28.75
28.99
28.87
28.93
28.86
28.71
29.15
28.82
29.24
28.73
28.77
28.69
28.86
29.15
29.02
28.78
29.24
28.96
28.98
29.04
28.98
28.88
28.68
28.83
28.82
28.85
28.77
28.81
29.35
28.57
29.03
28.91
28.98
28.5
28.93
28.91
28.89
28.76
29.1
28.71
28.91
28.78
28.88
29.11
29.02
28.53
28.66
29.28
28.82
28.73
28.7
28.78
29.05
28.82
28.86
28.65
28.92
29.14
28.7
28.83
28.96
28.51
28.87
28.9
28.98
28.98
28.62
29
29.11
28.73
29
29.21
29.17
28.75
28.75
29.02
28.89
28.93
28.76
29.13
28.76
29.23
29.03
28.92
28.99
28.59
28.56
28.76
29.08
28.63
29.07
28.86
28.93
28.98
29.16
29.11
29.24
28.85
28.69
28.38
28.9
28.7
28.86
28.66
28.85
28.72
28.85
28.96
28.64
28.7
28.46
29.14
28.62
28.96
29.07
28.89
29.07
29.12
29.13
29.01
29.1
29.33
29.02
28.89
28.93
28.7
28.95
28.59
28.73
28.94
28.64
28.32
29.19
29.11
29.07
28.8
29.22
28.85
28.8
29.64
28.94
28.75
29.26
28.45
28.69
29.18
29.23
28.99
29.12
28.79
28.63
28.3
28.62
28.24
28.67
28.47
28.8
28.74
28.71
29.03
28.98
28.57
28.61
28.64
28.76
28.62
28.83
28.75
28.39
28.82
29.1
29.01
28.78
28.97
28.97
28.94
29.12
28.73
29.17
29.26
28.63
29.35
29.05
28.93
28.79
28.88
28.85
28.91
29.22
29.19
29.06
29.03
28.54
28.9
28.75
28.81
28.95
28.96
28.68
28.97
28.81
29.04
28.5
28.7
28.47
28.61
28.85
29.02
28.57
28.45
29.2
28.6
28.89
28.71
28.78
29.17
28.78
28.54
29.19
28.77
28.65
29.19
28.74
28.96
29.03
28.5
28.74
28.45
28.73
28.78
28.86
28.68
29.06
28.53
28.98
28.91
28.76
29
28.85
28.82
29.03
28.77
28.75
28.89
28.95
28.85
28.77
28.44
28.89
28.72
28.69
28.6
28.93
29
28.9
28.76
28.83
28.79
29.24
28.8
28.48
28.99
28.75
28.89
28.95
28.87
28.99
29.1
28.67
28.84
28.73
28.67
29.18
28.78
28.77
29.04
29.09
28.83
28.89
28.73
28.99
28.63
29.04
28.85
28.8
28.67
28.38
29.04
28.66
28.96
29.3
28.85
29.19
29.09
29.14
29.19
28.76
28.96
29.02
28.92
29.12
29.21
28.99
28.72
29.23
29.48
28.7
28.94
29.04
29.19
29.16
29.45
28.81
28.69
28.75
29.02
28.28
28.73
28.54
28.41
29.27
28.87
28.71
29.2
29.41
28.5
29.31
29.05
29.12
29.22
28.89
29.26
28.81
29.01
28.74
28.97
28.73
29.08
29.15
28.59
28.67
28.29
28.69
28.84
28.67
28.96
28.96
29.08
28.94
28.85
29.07
28.9
28.82
28.82
29.1
28.5
28.44
28.81
28.53
28.73