X
1.147
0.9692
0.8954
0.6606
1.104
1.04
1.497
1.262
1.333
1.347
1.222
1.354
0.5635
1.214
1.047
1.034
1.059
1.221
1.239
1.53
1.16
1.082
1.21
1.269
1.348
1.107
1.449
1.215
1.339
1.018
1.262
1.056
1.175
0.9904
1.062
1.222
1.285
0.8398
1.315
0.7213
0.8487
1.292
1.143
1.211
0.8972
1.54
1.066
1.291
0.7557
1.021
1.189
1.185
1.248
1.063
1.241
0.8181
0.5797
0.9794
1.305
1.434
1.375
1.05
1.089
1.35
1.154
0.8847
1.347
1.294
1.424
1.172
1.111
1.253
1.341
1.167
0.9773
1.222
0.967
0.8907
1.441
0.8363
0.6781
0.9714
1.176
1.108
1.154
1.046
1.256
1.362
1.321
1.006
0.935
1.103
1.325
0.942
0.9633
0.849
1.552
0.8787
1.112
1.308
1.432
1.192
1.288
1.093
0.8528
1.775
1.218
1.169
0.9791
0.8379
0.8748
1.227
1.176
1.11
0.5934
1.21
1.56
1.135
0.9781
1.248
1.077
1.386
0.9626
1.088
1.018
1.106
1.32
0.9589
1.296
1.072
1.202
1.016
1.204
1.095
1.118
1.486
1.1
0.8992
0.8206
0.9486
0.9781
1.159
1.025
1.015
0.8807
1.106
1.125
1.182
0.9459
1.098
1.36
1.283
1.264
1.405
1.272
1.327
0.9261
1.33
1.156
1.019
1.167
1.116
1.485
0.7987
1.166
1.377
1.485
1.198
1.118
1.161
1.131
1.083
1.223
1.337
1.241
1.119
1.302
1.107
1.17
0.9383
1.174
0.6881
0.6799
1.176
1.063
1.076
1.321
1.077
1.069
1.409
1.218
1.201
0.8581
1.03
1.106
1.314
1.327
1.128
1.002
1.065
1.106
1.417
1.434
1.767
1.331
1.646
1.709
1.381
1.448
1.097
1.274
1.365
1.177
0.6421
1.391
1.592
1.781
1.565
1.359
0.8642
1.375
1.376
1.186
1.201
1.464
1.633
1.089
1.521
0.9372
1.131
1.295
1.522
1.252
1.359
1.211
1.543
0.9666
1.307
1.386
1.194
1.48
1.145
1.42
1.213
1.757
1.284
1.209
1.249
1.676
1.721
0.5977
1.202
1.023
1.245
0.8874
1.475
1.231
1.403
1.139
1.495
1.575
1.155
1.096
1.036
1.754
1.858
1.456
1.426
1.576
1.519
1.179
0.8338
1.33
1.422
1.414
1.631
0.999
0.9389
1.054
1.467
1.408
1.399
1.273
1.338
1.424
1.558
1.031
0.9794
1.372
1.877
1.341
1.486
1.253
1.577
1.417
1.437
1.337
1.74
1.352
1.384
1.304
1.217
1.059
1.394
1.117
1.643
1.706
1.253
1.387
1.175
1.118
1.32
1.321
1.563
1.1
1.367
1.613
0.8836
1.017
0.997
1.396
1.567
1.494
1.527
1.37
1.276
1.181
1.598
1.495
1.144
1.408
1.443
1.041
1.098
1.341
1.647
1.143
1.39
1.431
0.9862
1.639
1.773
1.595
1.038
1.228
1.87
1.821
1.457
1.412
1.542
1.681
1.29
1.529
1.18
1.086
1.039
1.439
1.161
1.682
1.342
1.172
1.255
1.264
1.524
1.286
1.042
1.098
1.243
1.625
1.414
1.113
1.519
1.598
1.381
1.095
1.464
1.37
1.365
1.729
1.452
1.271
0.7645
1.77
1.134
1.496
1.378
1.393
1.656
1.65
1.886
1.407
1.118
1.078
0.9671
1.595
1.076
1.778
1.428
1.496
1.408
1.312
1.189
0.7576
1.275
1.257
1.025
1.337
1.645
1.344
1.463
1.309
1.466
1.308
1.561
1.644
1.375
1.546
1.262
1.299
1.275
1.341
1.343
1.323
1.125
1.166
1.265
1.78
1.043
1.341
0.9528
1.327
1.169
1.52
1.33
1.175
1.509
1.079
1.223
1.195
1.267
1.21
0.8147
0.9924
1.304
1.214
0.9129
1.135
1.304
1.26
1.351
1.616
1.393
1.188
1.657
1.416
1.056
1.769
1.486
1.566
1.024
1.278
1.442
1.743
1.418
0.9677
1.371
1.266
1.109
1.257
1.27
1.237
1.49
1.169
1.044
0.8365
1.286
1.364
1.506
1.375
1.492
1.318
1.462
1.539
1.1
1.038
1.669
1.38
1.3
0.7577
1.348
1.169
1.513
1.282
0.969
1.27
1.387
0.8555
1.183
1.536
1.119
1.207
1.561
1.315
1.336
1.426
0.9577
1.111
1.497
1.205
1.135
1.381
1.57
0.9804
1.009
1.127
1.15
1.374
1.426
1.336
1.12
1.333
1.724
1.178
1.09
0.9602
0.9558
1.078
1.405
1.401
1.016
1.502
0.6549
1.306
0.6747
1.229
1.412
0.9664
1.231
1.535
1.206
1.138
1.28
1.059
0.9725
1.736
1.405
1.365
0.9488
1.58
1.337
1.373
1.58
1.316
1.124
1.078
0.9211
1.16
1.32
0.9873
1.187
1.366
0.904
1.358
1.018
1.408
1.146
1.295
1.347
1.357
1.051
1.289
1.469
1.367
1.56
1.388
1.497
0.9716
1.13
0.6636
1.322
1.53
1.233
1.002
1.218
1.079
1.581
1.498
1.313
1.456
1.452
0.8363
1.158
1.568
0.9103
0.9865
1.428
1.199
1.115
1.258
1.131
1.178
1.399
1.182
1.004
1.355
1.335
1.268
1.12
0.9313
0.9924
1.339
1.33
1.154
1.05
1.367
1.538
1.015
1.3
1.054
0.688
0.8757
1.388
1.277
0.6929
1.452
0.8843
1.233
0.6161
1.118
1.171
1.234
1.07
1.387
1.295
1.149
1.205
0.8247
1.307
1.652
1.485
1.166
0.7973
1.42
0.9775
1.395
1.334
1.368
1.146
1.163
1.2
1.067
1.214
1.092
1.28
1.028
1.08
1.4
1.195
1.26
1.089
1.138
1.296
1.167
1.022
1.218
1.468
1.503
1.298
1.24
1.334
0.9569
1.157
1.507
1.842
1.427
1.508
1.02
0.7675
1.44
1.543
1.184
1.55
1.226
1.456
1.243
1.525
0.9879
1.335
1.674
1.543
1.134
0.9455
1.104
1.344
2.054
0.9878
1.184
1.375
1.813
1.448
1.039
1.562
1.132
1.407
1.793
1.652
0.6233
1.395
1.342
1.238
1.353
1.289
1.021
1.389
1.191
1.346
1.297
1.597
1.537
1.194
1.028
1.372
1.322
1.365
1.189
1.826
1.724
1.5
1.172
1.387
1.463
1.793
1.471
1.445
0.9658
1.554
1.612
1.252
1.615
1.139
1.021
1.261
1.436
1.019
0.8806
1.547
1.758
1.298
1.244
1.14
1.323
1.448
1.324
1.341
1.134
1.203
1.603
1.133
1.533
1.314
1.278
1.329
1.347
1.131
1.493
1.387
1.216
1.303
1.008
1.112
1.108
1.3
1.272
1.51
1.438
1.187
1.265
1.251
1.188
1.284
1.314
1.256
1.419
1.289
1.083
1.034
1.354
0.8612
0.7246
1.002
1.482
0.807
0.8852
1.108
1.382
0.9691
1.533
1.204
1.102
1.363
1.316
1.039
1.208
1.073
0.8814
0.9657
1.044
1.181
1.212
1.347
0.9844
1.754
0.8893
1.236
1.241
1.2
1.409
1.293
1.426
1.268
1.291
0.7199
0.9826
1.635
1.363
1.224
0.9322
1.597
1.271
1.443
1.049
1.043
1.145
0.9919
1.324
0.8581
1.157
0.8279
1.245
1.262
1.172
1.264
1.227
0.9554
1.11
0.9726
1.465
1.398
1.253
1.506
1.538
1.151
1.264
1.19
1.126
1.021
1.378
0.9341
1.388
1.117
0.9421
1.391
1.421
1.612
1.841
1.35
1.56
0.7625
1.227
1.015
1.269
0.9141
1.407
1.439
1.346
1.437
1.526
1.427
1.089
1.293
1.098
1.382
1.344
1.43
1.126
1.439
0.7366
1.565
1.387
0.9187
1.363
0.9953
0.9238
1.64
1.094
1.249
1.242
1
1.42
1.197
1.56
1.448
1.657
1.146
1.29
0.9649
1.446
1.338
1.122
1.462
0.9867
0.8679
1.062
1.386
1.434
1.562
1.108
1.137
1.53
1.436
0.9185
1.031
1.371
1.602
1.305
1.549
1.279
1.231
1.39
1.229
1.104
1.49
0.863
1.573
0.8985
1.15
0.8541
1.331
1.241
1.498
1.137
1.563
1.285
1.176
0.9857
1.139
1.366
1.337
1.301
1.099
1.032
1.482
0.9089
1.347
1.332
1.037
1.35
1.169
1.151
0.8854
1.16
1.03
1.254
1.267
1.29
1.311
1.262
1.541
0.8242
1.137
0.7788
1.169
1.457
1.47
1.246
1.506
1.125
1.134
1.33
1.104
1.322
1.316
1.324
1.189
0.7941
1.055
1.428
1.056
1.495
0.9295
1.214
1.464
1.395
1.235
0.7701
1.047
1.729
1.714
1.134
1.496
1.37
1.158
1.023
1.472
1.287
0.8359
1.022
1.416
1.373
1.04
0.9855
0.8366
1.504
1.251
1.313
1.222
1.169
0.8365
1.354
1.446
1.421
1.31
1.2
1.741
1.097
0.6845
0.9944
1.225
1.255
1.501
1.133
1.408
1.345
1.407
1.328
1.781
1.332
1.763
0.9054
0.7837
1.955
1.779
1.869
1.7
1.214
1.572
1.119
1.206
1.45
1.183
1.418
2.027
1.48
0.869
1.752
1.35
1.707
1.292
1.461
1.257
1.673
1.544
1.005
1.7
1.491
1.128
1.774
1.414
1.026
1.459
1.171
1.105
1.627
1.406
1.209
1.187
1.071
0.9376
1.566
1.468
1.626
1.533
1.423
1.571
1.34
1.472
1.314
1.4
1.982
1.543
1.193
1.198
1.687
1.516
1.596
1.609
1.3
1.989
1.126
1.297
1.584
1.601
1.706
1.24
1.926
1.437
1.375
1.703
1.598
1.384
1.737
1.178
1.426
0.9618
1.382
1.181
0.9229
0.8762
1.582
1.329
1.417
1.643
1.375
1.117
1.016
1.472
1.396
1.234
1.091
1.203
0.9452
1.498
1.134
1.427
1.414
1.081
1.331
1.102
0.9704
1.283
1.295
1.48
0.8421
1.304
1.316
0.9445
0.9431
1.049
1.452
1.162
1.169
1.325
1.162
0.9805
1.289
1.476
1.295
0.8314
1.369
1.174
1.012
0.9917
1.335
1.338
1.028
1.224
1.403
1.008
1.256
1.724
1.368
1.171
1.091
1.351
1.453
1.268
0.9898
1.156
1.542
1.129
1.071
1.084
1.291
1.083
1.128
1.277
1.758
1.157
1.242
0.9949
1.308
1.157
1.199
0.9585
1.293
0.9317
1.129
1.179
0.9919
1.323
1.12
1.253
1.186
1.421
1.33
1.297
1.372
1.372
1.161
1.174
1.184
1.306
1.355
1.257
1.297
1.944
1.546
1.458
1.46
0.814
1.621
1.343
1.063
1.598
0.9784
1.066
1.72
1.178
1.505
1.366
0.8578
1.391
1.424
1.37
1.314
1.761
1.711
1.224
1.751
1.124
1.273
1.252
1.462
1.469
0.5203
1.275
1.391
1.219
1.154
1.146
1.657
0.9528
0.8469
1.468
1.167
1.476
1.302
1.432
1.328
1.477
1.658
1.627
1.015
1.418
1.488
1.425
1.182
1.716
0.9823
1.181
1.488
1.536
1.612
1.333
1.001
1.609
1.585
1.746
1.288
1.589
1.491
1.42
1.405
1.152
1.385
1.226
1.562
1.308
1.191
0.9674
1.569
0.9495
1.087
1.499
1.128
1.159
1.607
1.169
1.171
1.042
0.9485
1.933
1.524
1.307
1.661
0.9376
1.445
0.9752
1.513
1.084
1.112
1.178
1.609
1.27
1.29
1.445
1.308
1.72
1.178
1.355
1.466
1.543
1.695
1.351
1.452
0.9216
1.135
1.515
1.749
0.9535
1.084
1.06
1.218
1.525
1.128
1.144
1.472
0.9757
1.393
1.158
1.545
1.425
1.065
1.043
1.376
1.336
1.645
1.391
1.375
1.478
1.191
0.978
1.22
1.624
1.483
1.372
1.358
1.248
1.562
1.337
0.7462
1.505
1.71
1.659
1.525
1.418
1.538
0.9317
1.532
1.373
1.15
1.31
1.232
1.296
1.367
1.098
1.107
0.8468
1.066
1.689
1.405
1.092
1.294
1.201
1.782
1.285
1.39
1.352
1.487
1.413
1.544
0.999
1.252
1.246
1.195
1.041
1.398
1.306
1.148
1.475
0.9986
1.476
1.179
1.488
1.366
1.252
1.452
1.167
1.298
1.131
1.404
1.508
1.173
0.8296
1.337
1.276
1.978
1.205
1.124
1.01
1.256
1.05
1.671
1.361
1.036
1.274
1.043
1.431
1.282
1.028
1.005
0.8857
1.088
1.288
1.002
1.176
1.548
1.179
1.17
1.273
1.558
1.25
1.135
1.449
1.449
1.414
1.523
1.198
1.204
0.759
1.247
1.043
1.778
1.183
1.04
1.32
1.202
1.451
1.368
1.352
1.272
1.691
1.531
1.287
1.127
1.425
0.9247
1.504
1.099
0.7179
1.748
1.492
1.402
1.22
0.8972
1.348
1.029
1.097
1.201
0.5231
1.136
1.684
1.1
1.03
1.335
1.328
1.446
1.172
1.375
1.075
1.285
1.467
1.134
1.4
1.087
1.153
1.168
1.15
1.021
1.149
1.316
0.8233
1.208
0.9714
1.112
1.13
1.173
0.8454
1.224
1.111
1.424
1.203
1.34
1.097
0.9827
1.304
1.011
1.334
1.519
1.148
1.121
1.187
1.518
1.071
1.393
1.119
1.054
1.403
1.186
1.026
1.559
1.336
1.386
1.212
1.407
1.173
1.321
1.47
1.416
1.114
1.212
0.9854
1.244
1.017
1.085
1.246
0.5243
1.314
1.52
1.16
1.464
0.9652
0.7013
1.943
1.417
1.331
1.205
0.5456
1.399
1.067
1.108
1.316
0.8344
1.233
1.875
1.271
0.9794
1.458
1.188
1.653
1.123
1.421
1.153
1.488
1.525
1.029
1.643
1.16
1.14
1.36
1.48
1.006
1.077
1.256
1.126
1.192
1.02
1.185
1.331
0.9757
0.9633
1.391
1.164
1.466
1.113
1.368
1.272
1.279
1.437
1.321
1.383
1.661
1.338
1.144
1.26
1.542
1.183
1.19
1.403
1.29
1.677
1.189
0.8957
1.654
1.566
1.524
1.272
1.452
1.396
1.149
1.562
1.461
1.366
1.316
1.078
1.192
1.157
1.085
1.24
1.424
1.554
0.9944
1.338
0.7544
1.105
1.653
1.422
1.399
1.605
1.332
1.396
1.109
1.463
1.243
1.233
1.091
1.514
1.682
1.447
1.557
1.285
1.39
0.9165
1.115
1.14
1.206
1.229
1.305
1.088
1.402
0.707
1.5
1.491
1.176
1.532
0.9885
0.9325
1.544
1.072
1.1
1.127
0.9516
1.368
1.251
1.518
1.197
1.801
1.011
1.363
1.338
1.599
1.57
1.283
1.617
1.08
1.009
0.8459
1.326
1.676
1.453
1.146
1.134
1.656
1.116
1.278
1.092
1.584
1.611
1.548
1.384
1.386
1.04
1.162
1.377
1.261
1.357
1.106
1.405
0.9215
1.078
1.059
0.942
1.116
0.9618
1.007
1.099
1.461
1.026
1.207
1.086
0.9334
1.373
1.035
0.989
1.096
0.9125
0.9237
1.147
1.071
1.454
1.069
0.7991
1.235
1.05
1.13
0.8046
1.348
1.353
1.316
1.216
1.275
1.109
0.8583
0.9946
1.21
1.014
1.24
1.112
0.9873
0.6017
0.7255
1.44
0.966
1.089
0.9067
1.174
1.238
1.266
1.031
0.6965
1.159
1.512
1.555
0.921
1.283
1.194
0.9834
0.8897
1.427
1.149
0.8758
0.9554
1.294
1.202
0.9747
0.9084
1.11
1.283
1.26
1.167
1.076
1.101
1.092
1.114
1.144
1.316
0.8811
1.156
1.539
0.8332
1.115
1.067
0.8964
1.367
0.8718
1.064
1.476
1.42
1.592
1.445
1.199
1.588
0.9517
0.8688
1.389
1.023
0.8855
1.502
1.39
1.427
1.386
1.013
1.088
1.175
1.244
0.8218
1.45
1.218
1.194
1.288
1.462
0.7862
1.279
0.9039
1.239
1.225
1.002
0.7973
1.355
0.9697
0.9576
1.259
0.8787
0.7926
1.324
1.314
1.332
1.7
1.202
1.173
1.184
1.376
1.431
0.8822
1.543
1.142
0.9424
0.86
1.422
1.243
1.378
1.116
1.213
1.534
1.109
1.12
1.185
1.22
1.565
1.153
1.526
1.184
1.4
1.187
1.134
1.266
1.257
0.9752
1.489
1.732
1.57
1.175
1.397
1.399
1.218
1.79
1.613
1.137
1.612
1.303
1.062
1.425
1.514
1.53
1.157
1.434
1.787
1.587
1.352
1.308
1.325
1.445
1.234
1.142
1.537
1.585
1.125
0.7592
1.438
1.003
1.134
1.652
1.701
1.296
1.133
1.575
1.184
1.293
1.281
1.389
0.9586
1.246
1.221
1.539
1.31
0.8692
1.655
1.219
1.632
1.475
1.108
1.238
1.537
1.283
1.193
1.621
1.124
1.028
1.554
1.624
1.563
1.01
1.853
1.597
1.446
1.713
1.516
1.602
1.242
1.399
1.396
1.467
1.069
1.156
1.25
1.27
1.529
1.406
1.335
0.9101
1.388
1.145
0.7671
1.394
1.328
1.392
1.392
1.197
1.619
0.6722
1.15
1.154
1.206
1.285
1.615
1.445
1.332
1.306
1.521
1.645
1.187
1.568
1.036
1.562
1.197
1.344
1.351
1.518
1.062
1.52
1.267
0.862
1.481
1.342
0.8204
1.406
0.9514
1.303
1.353
1.217
1.314
1.366
1.585
1.491
1.509
1.255
1.238
1.136
1.109
1.168
1.521
1.61
0.9947
0.7152
1.406
1.301
1.503
1.556
1.192
1.114
1.521
1.604
0.9433
1.587
1.147
1.394
1.247
1.324
1.225
1.404
1.524
1.452
1.409
1.268
1.45
1.07
0.9917
0.9958
1.352
1.312
1.233
1.263
0.7414
1.098
1.292
1.317
1.3
1.405
1.204
0.9486
1.266
0.9734
1.132
1.685
0.6273
1.122
1.312
1.191
1.128
1.2
1.447
1.211
1.343
1.071
1.021
1.344
0.9784
1.153
1.344
1.149
1.567
1.011
0.94
0.7892
0.9412
1.383
1.359
1.229
1.023
1.335
1.038
1.446
0.9752
0.9179
1.259
1.269
1.306
1.452
0.9926
1.003
1.263
1.148
1.22
1.44
1.366
0.8866
0.9712
0.9257
1.535
1.286
1.489
0.9725
1.062
1.313
0.7047
0.9545
1.361
0.8864
1.241
1.211
0.8691
1.56
0.8876
1.448
1.343
1.181
1.465
1.803
1.483
1.913
1.526
1.371
1.241
1.591
1.023
0.9083
1.074
1.141
1.02
1.407
1.184
1.526
1.331
1.262
1.024
1.481
1.328
1.59
1.402
0.9626
0.6518
1.165
1.415
1.383
1.142
1.156
1.177
0.841
1.615
1.288
1.055
1.08
1.299
1.235
0.9761
1.463
1.32
1.508
1.022
1.291
0.8904
1.495
0.9145
1.315
1.131
0.987
1.298
0.9878
1.558
1.42
1.792
0.9331
0.6907
1.1
1.494
1.289
1.228
1.255
1.471
1.426
1.521
1.089
1.322
1.218
1.276
1.326
0.7541
1.027
0.9372
1.558
1.408
1.622
1.366
1.452
1.676
1.369
1.277
1.095
1.174
1.463
1.165
0.8992
1.434
1.499
1.721
1.27
1.222
0.7724
1.446
1.302
1.311
1.508
1.165
1.286
1.183
1.322
0.9878
1.284
1.279
1.462
0.9224
1.532
1.175
1.349
0.998
1.324
1.241
1.212
1.292
1.289
1.351
0.857
1.683
1.187
1.349
1.303
1.19
1.457
0.7529
0.843
0.9254
1.39
0.9246
1.126
1.194
1.495
1.338
1.309
1.658
1.449
1.124
1.366
1.508
1.765
1.086
1.353
1.455
1.68
0.9336
1.572
1.09
1.039
1.152
1.396
1.463
1.243
1.238
1.002
1.434
1.481
1.067
1.474
1.384
1.382
1.127
1.092
1.094
1.526
1.706
0.9931
1.147
0.8824
1.053
0.7614
1.152
1.22
0.8591
1.188
0.8813
1.246
1.016
1.16
1.268
1.509
1.21
1.553
1.096
1.076
0.9406
1.139
1.029
1.252
1.315
1.192
1.175
0.6149
1.894
1.061
1.176
1.288
1.309
1.534
1.179
0.8968
1.02
1.564
0.7114
0.8591
1.446
1.394
1.032
1.036
1.391
1.418
1.511
1.112
1.237
1.344
1.251
0.996
1.065
1.416
1.36
1.806
1.482
1.491
0.8785
0.9774
1.62
1.303
1.187
1.569
1.046
1.357
1.402
1.487
0.9705
1.299
1.357
1.452
1.292
1.063
1.332
1.234
1.888
0.6377
0.905
1.208
1.461
1.569
1.231
1.473
1.213
1.195
1.577
1.767
0.9536
1.306
1.136
1.423
1.324
1.177
1.031
1.425
0.9172
1.486
1.167
1.352
1.509
1.36
1.128
1.231
1.303
1.81
1.669
1.522
1.667
1.559
1.323
1.104
1.533
1.614
1.048
1.318
1.277
1.556
1.268
1.181
1.114
1.551
1.252
1.461
1.401
1.204
1.277
1.367
1.189
1.489
1.33
1.032
0.76
1.244
1.135
1.327
1.367
1.216
1.366
1.197
0.9083
1.005
1.314
0.9757
0.9178
1.189
0.6302
1.336
1.482
0.8898
0.8417
0.9119
1.344
1.138
1.158
1.091
1.217
1.302
1.227
1.018
1.045
1.261
1.546
1.038
0.9645
0.9754
0.9579
1.096
1.33
1.206
0.9988
1.113
1.298
1.501
1.16
0.8031
0.7865
1.222
1.149
1.459
1.24
1.28
1.416
1.07
1.186
1.341
1.339
0.8689
0.8221
1.026
1.49
1.376
1.135
0.5821
0.5745
0.9561
1.154
1.737
1.204
1.209
1.031
1.608
1.376
1.339
0.8909
0.6034
0.9768
1.358
1.079
1.404
1.521
1.152
1.159
1.397
1.133
1.468
1.727
0.8828
1.466
1.445
1.133
1.284
1.188
1.214
1.088
1.504
1.019
1.385
1.431
0.9893
1.374
1.41
1.445
1.905
1.275
0.8757
0.6754
1.324
1.344
1.58
1.676
1.044
1.326
0.9805
1.567
1.2
0.8966
1.286
1.311
1.532
1.609
1.017
1.045
1.472
1.304
0.983
1.536
1.274
0.9974
1.203
1.203
1.596
1.376
1.497
1.327
1.048
1.401
1.375
1.151
1.37
1.3
1.436
0.9336
1.322
1.155
1.418
1.361
1.171
1.13
1.112
0.809
1.184
1.16
1.348
1.523
1.134
1.045
1.012
1.176
1.432
1.188
1.209
0.9802
1.646
1.023
0.8333
1.447
1.445
1.256
1.43
1.067
1.008
1.047
1.676
1.262
0.9672
0.9883
1.161
1.121
1.232
1.131
1.262
1.126
1.186
1.328
1.265
1.12
1.069
0.8598
1.232
1.196
1.311
1.373
1.406
1.109
1.069
1.191
1.219
1.439
1.204
1.689
1.386
1.15
1.417
1.092
1.152
1.629
1.631
1.546
1.541
1.553
1.169
1.024
1.191
1.077
1.196
1.474
1.202
1.562
1.481
0.925
1.26
1.695
1.145
1.08
1.278
0.7503
1.524
1.851
1.036
1.134
1.135
1.498
1.295
1.352
1.309
1.44
1.664
1.36
1.282
1.145
1.554
1.911
1.388
0.9399
1.082
1.151
1.33
1.634
1.572
1.059
1.32
1.442
1.422
1.296
0.8632
1.094
1.357
1.367
1.817
1.461
1.539
1.59
1.398
1.298
1.636
1.332
1.148
1.1
1.204
1.619
1.558
1.445
0.9366
1.447
1.317
1.17
1.56
1.473
1.225
0.6627
1.495
1.286
1.507
1.559
1.616
1.359
1.281
1.237
1.254
1.471
1.149
1.116
1.515
0.6848
1.458
1.595
1.257
1.229
1.153
1.736
1.201
1.323
1.31
1.376
1.419
1.479
1.091
1.204
1.371
1.605
1.036
1.22
1.175
1.162
1.4
1.458
1.233
1.335
1.476
1.475
1.69
1.276
1.138
1.093
1.126
1.144
1.633
1.355
1.288
1.378
1.371
1.301
1.535
1.665
1.088
0.9337
1.13
1.853
1.449
1.508
1.164
1.472
1.358
1.576
1.348
1.389
1.324
1.28
1.555
1.802
1.499
1.376
1.519
1.356
1.129
1.305
0.9352
1.11
1.448
1.51
1.386
1.452
1.302
0.9145
0.8158
1.016
1.092
1.455
1.543
1.08
1.527
1.047
1.318
1.431
1.409
1.383
1.333
1.372
1.446
1.159
1.225
1.286
1.171
1.575
1.096
1.219
1.419
1.888
1.347
1.084
1.026
1.855
1.793
1.035
1.363
1.416
1.57
0.7999
1.453
1.366
1.275
1.007
1.371
1.418
1.267
1.412
0.9825
1.152
1.094
1.135
1.201
0.833
1.652
1.211
1.373
1.509
0.7582
1.523
0.6853
0.9893
1.064
1.085
0.9481
1.539
1.141
1.264
1.267
1.274
1.55
1.194
1.445
1.12
1.58
1.517
1.33
1.475
1.241
1.038
1.347
1.446
0.8968
0.8662
1.18
1.187
1.316
0.8812
1.218
1.519
0.9136
1.282
1.19
1.367
1.474
1.068
1.226
1.139
1.102
1.405
1.37
1.082
1.334
1.128
0.8893
1.254
1.474
1.083
1.18
1.28
1.349
1.493
1.426
1.337
1.593
1.506
1.388
1.107
1.244
2.046
1.485
1.718
1.42
1.258
1.223
1.371
1.372
1.37
1.085
1.306
1.696
1.455
1.325
1.688
1.072
1.401
1.275
1.27
1.198
1.313
1.596
1.31
1.44
1.5
1.318
1.274
1.267
1.422
1.446
1.476
1.373
1.396
1.158
0.9657
1.258
1.249
1.241
1.147
1.294
1.333
1.468
1.28
1.218
1.423
1.769
1.72
1.109
1.744
1.573
1.394
0.8558
1.694
1.469
1.186
1.426
1.504
1.81
1.21
1.446
1.206
1.55
1.728
1.559
1.222
1.62
1.346
1.628
1.673
1.686
1.583
1.696
1.137
1.104
1.325
0.7532
1.025
1.876
0.9594
1.731
1.559
1.45
1.373
1.424
1.402
1.786
1.911
1.107
1.221
1.665
1.046
1.294
1.551
1.461
1.718
1.24
1.445
1.195
1.265
1.66
1.729
1.613
0.9842
1.545
1.656
1.63
1.407
0.905
1.046
1.78
1.419
1.64
1.166
1.261
1.524
1.466
1.761
1.478
1.722
0.6332
1.196
1.304
1.512
0.8327
1.303
1.232
0.9716
1.199
1.583
1.159
1.593
1.484
1.128
1.122
1.523
0.932
0.9517
1.318
1.156
1.139
1.261
0.9307
1.435
1.41
1.069
0.9713
1.324
1.333
1.122
1.103
0.8421
0.8332
1.137
1.446
1.243
0.9145
1.325
1.371
0.6184
1.359
1.104
0.9756
0.7913
1.328
1.205
0.9912
1.446
1.03
1.491
0.8024
1.218
0.9471
1.024
0.6653
1.53
1.175
0.8507
1.175
1.009
1.136
1.591
1.714
0.9509
1.094
1.209
0.8043
1.371
1.394
1.252
1.121
1.291
1.193
1.401
1.42
1.344
1.287
1.376
0.9623
0.8148
0.9126
0.8112
1.154
1.6
0.9882
1.516
1.149
1.056
1.077
1.002
0.8798
1.359
1.595
0.6894
1.185
1.168
0.817
1.042
1.315
1.338
1.444
0.8504
1.234
0.8259
1.107
1.2
1.395
1.38
0.8251
1.217
1.289
1.648
1.204
0.7023
0.7385
1.522
1.293
1.279
1.037
0.8859
1.282
1.037
1.363
1.236
1.464
1.557
1.368
1.658
1.439
1.316
1.241
1.736
0.743
1.231
1.051
0.7672
1.336
1.535
1.014
1.365
1.279
1.296
1.638
1.424
1.33
1.349
1.061
1.67
0.9605
1.226
0.8657
1.482
1.472
1.288
1.7
1.642
1.359
1.193
1.543
1.404
1.164
1.652
1.684
0.7902
0.9103
1.283
1.618
1.104
1.461
1.361
0.9263
1.483
1.431
1.547
0.993
1.424
1.769
1.982
1.262
1.591
1.715
1.615
1.216
1.45
1.186
1.122
1.067
1.258
1.662
1.644
1.299
1.719
1.281
1.575
1.438
0.9925
1.512
1.438
0.7917
1.487
0.8826
0.8256
1.661
1.263
1.464
1.385
1.472
1.208
1.351
1.438
0.9967
1.32
1.621
1.473
1.587
1.478
1.26
0.9564
1.28
1.532
0.8705
1.632
1.403
1.124
1.028
1.52
1.492
1.288
1.211
1.43
0.7329
1.586
1.574
1.776
1.049
1.008
1.63
1.624
0.9429
1.261
1.416
1.677
1.277
1.578
1.881
1.271
1.215
1.292
1.589
1.28
1.26
1.012
0.9843
1.382
1.457
0.9706
1.373
1.341
1.367
1.375
1.411
1.517
1.747
1.526
1.114
1.506
1.354
1.052
1.176
1.161
1.374
0.3758
1.082
1.151
1.567
1.101
1.502
1.484
1.316
1.45
1.852
1.242
1.055
0.9666
1.521
0.958
1.421
1.595
1.437
1.289
0.7544
1.89
1.29
1.349
1.317
0.8971
1.472
1.525
1.149
1.077
1.609
1.173
1.139
1.224
1.031
1.152
1.003
1.143
1.473
1.306
1.32
1.507
1.244
1.012
1.208
1.193
1.157
0.9246
0.8656
1.209
1.294
1.315
1.213
0.923
0.9253
0.9091
0.6348
1.008
1.122
1.117
1.009
0.9443
1.111
0.786
1.174
1.15
1.223
1.057
1.15
0.9798
1.204
0.9312
0.8039
0.8709
0.9035
1.046
0.9774
1.081
0.843
1.606
0.9026
1.094
1.094
1.414
1.419
0.8003
1.17
1.099
1.289
1.188
1.397
1.029
1.1
0.964
0.95
1.65
1.577
1.56
1.616
1.293
1.704
0.5014
1.385
1.137
1.263
1.293
1.515
1.334
1.482
1.412
1.301
1.648
1.375
1.565
1.314
1.734
1.501
1.451
1.352
1.355
1.159
1.578
1.314
0.9256
1.425
1.087
0.9032
1.632
1.092
0.9969
1.517
1.139
1.284
1.195
1.816
1.491
1.315
0.9209
1.331
1.342
1.38
1.253
1.39
1.648
1.069
1.325
1.088
0.4498
1.04
1.446
1.203
1.414
1.419
1.22
1.574
1.449
1.282
0.8975
1.44
1.161
0.9854
0.9793
1.247
1.461
1.673
1.166
1.549
1.039
1.296
1.346
1.302
1.19
1.113
1.448
0.7235
1.144
0.9599
1.223
1.246
1.228
1.305
1.456
0.6394
1.434
0.8825
1.302
1.052
1.369
1.405
1.087
1.503
0.9428
1.657
1.028
1.22
1.048
1.085
1.045
1.275
0.909
1.391
1.004
1.097
1.096
1.849
1.551
1.349
1.339
1.158
1.66
1.558
1.175
1.423
1.507
1.255
1.123
1.091
0.9959
1.322
1.837
0.911
1.574
1.041
1.417
1.22
1.436
1.319
1.324
1.573
0.935
1.153
1.353
1.088
1.387
1.538
1.074
1.825
1.279
1.255
1.01
1.428
1.301
1.575
1.61
1.061
1.323
0.9745
1.668
1.266
1.135
1.108
1.333
1.383
1.245
0.9874
0.9227
1.19
1.277
1.369
1.383
1.736
1.379
1.71
1.693
1.235
1.481
1.204
0.9592
1.466
1.105
0.6157
1.485
1.412
1.615
1.491
1.119
0.8424
1.365
1.258
1.085
1.407
1.488
1.411
1.353
1.47
0.9543
1.162
1.196
1.513
0.9311
1.288
1.288
1.407
1.051
1.217
1.402
1.015
1.168
1.276
1.184
1.297
1.687
1.384
1.213
1.226
1.637
1.706
1.329
1.644
1.054
1.487
1.57
1.016
1.54
1.855
1.56
1.772
1.607
1.376
1.077
1.605
1.115
1.06
1.556
1.532
1.119
1.298
1.199
1.724
1.644
1.52
1.499
1.589
1.646
1.467
1.316
1.243
1.028
1.477
1.64
1.299
0.9793
1.438
1.656
0.8427
1.601
1.346
1.278
1.066
1.63
1.304
1.211
1.67
1.386
1.345
1.164
1.428
1.037
0.9498
1.76
1.298
1.198
1.28
1.651
1.132
1.419
1.466
1.377
1.473
1.536
1.242
1.082
1.332
1.389
1.314
1.618
1.681
1.516
1.444
1.13
1.551
1.515
1.48
1.546
1.386
1.759
0.8443
1.067
1.362
1.493
1.383
1.651
1.243
1.155
1.453
1.903
1.077
1.286
1.149
1.443
1.076
1.591
1.376
1.464
1.576
1.056
1.597
1.254
1.456
1.32
0.9097
1.325
1.002
1.507
1.477
0.925
1.164
1.271
1.403
1.539
1.297
1.188
1.144
1.151
0.7369
0.8193
0.9806
1.131
0.9522
1.143
1.038
1.621
1.331
1.025
1.119
0.9612
1.005
1.361
1.394
0.9631
1.211
1.165
1.104
1.08
0.9889
1.205
1.506
0.9704
1.235
0.9301
1.224
1.006
1.358
1.352
0.8698
1.068
1.389
1.413
1.318
0.7874
1.139
1.091
1.204
1.246
1.425
1.123
1.213
0.8975
1.153
1.01
1.148
1.182
1.264
1.095
0.865
0.8303
1.087
0.9599
0.9344
1.389
0.8706
1.311
1.325
1.021
1.138
0.7529
1.068
1.346
1.463
1.059
1.345
1.357
0.6311
0.896
1.227
1.21
1.653
1.184
0.8223
0.5898
1.015
1.313
1.382
1.357
0.7266
0.9879
1.318
1.295
1.269
1.312
1.442
1.13
0.7742
1.072
1.12
1.453
1.517
1.221
1.627
1.452
1.203
0.9796
1.594
0.9513
1.213
1.37
1.098
1.202
1.449
1.059
1.088
1.479
1.185
1.037
1.423
1.59
1.255
1.187
0.9827
0.9578
1.198
1.515
1.349
0.974
1.293
1.271
0.9807
1.439
1.079
0.671
1.175
1.194
1.329
0.8539
1.677
0.9444
1.315
1.31
1.745
1.692
1.314
1.556
1.074
2.017
1.63
1.582
1.56
1.173
1.485
1.221
1.576
1.09
1.258
1.712
1.71
0.8822
1.228
1.372
1.464
2.057
1.578
1.679
1.628
1.915
1.938
1.49
1.777
1.225
1.811
1.581
1.617
1.054
1.268
1.769
1.597
1.452
1.314
1.198
1.716
1.56
1.531
1.14
1.66
1.712
1.695
1.21
1.12
0.9044
1.472
1.373
1.568
1.285
1.074
1.412
1.478
0.7699
1.31
1.497
1.353
1.158
1.306
1.368
1.601
1.623
1.16
1.224
1.035
1.223
1.064
1.346
1.3
0.8047
1.09
0.9355
1.245
1.131
1.308
1.344
1.407
1.307
1.725
1.123
1.162
0.9562
1.208
0.8664
1.388
1.415
1.166
1.344
1.449
1.316
1.361
1.694
1.495
1.237
1.608
1.068
1.266
1.162
0.973
1.135
1.633
0.9379
1.426
0.8778
1.072
1.619
1.362
1.247
1.274
1.333
1.284
0.9668
1.06
0.8363
1.084
1.336
1.166
1.489
1.44
1.22
0.9751
1.343
1.482
1.053
1.698
1.418
0.7497
0.966
1.409
1.2
1.245
1.215
1.39
1.021
1.37
1.208
0.9949
1.418
1.148
1.401
1.299
1.289
1.473
1.411
1.027
1.141
1.51
0.5595
0.9452
1.211
0.7915
0.8853
1.404
0.9905
1.386
1.388
1.167
1.085
1.241
1.149
1.474
1.5
0.7807
1.059
1.396
1.032
1.121
1.09
1.293
1.572
1.125
1.275
0.8876
0.8476
1.176
1.452
1.498
1.227
1.315
1.109
1.548
0.9912
1.107
1.718
1.697
1.57
1.431
1.11
1.595
1.26
1.002
1.577
0.8883
1.196
1.725
1.209
1.304
1.35
0.8872
1.315
1.336
1.26
1.16
1.704
1.446
0.9414
1.608
1.192
1.143
1.388
1.106
1.324
0.9995
1.158
0.9841
1.279
1.215
0.9538
1.326
0.9856
1.209
1.371
1.168
1.403
0.6564
0.9761
1.651
1.36
1.375
1.599
0.8299
1.554
1.13
0.9982
1.373
1.201
0.9435
1.649
1.412
1.21
1.407
0.8716
1.479
0.8966
1.032
1.037
1.609
1.372
0.9685
1.56
1.264
0.663
1.545
1.567
1.09
0.9102
0.6809
1.193
1.329
1.105
1.06
1.405
1.52
1.57
1.078
1.474
1.393
1.057
1.528
1.467
1.387
1.566
1.495
0.7357
1.304
1.438
1.169
1.002
1.31
1.528
1.501
1.157
1.333
1.531
1.235
1.055
1.014
1.235
1.034
0.9548
0.9958
0.9403
1.257
1.061
1.44
1.285
1.152
1.46
1.63
0.93
1.322
1.13
1.273
1.072
1.383
1.213
1.077
0.8621
1.053
1.461
1.482
1.33
1.398
1.248
1.313
1.124
1.332
1.022
0.9815
1.272
1.121
0.8933
1.288
1.042
0.766
1.435
1.113
0.9387
1.166
1.548
1.413
1.121
1.196
0.9968
1.254
1.275
1.06
1.056
1.148
1.155
1.016
1.239
1.024
1.26
0.8248
0.9115
0.9289
1.214
0.9474
1.294
0.6764
0.9021
0.8668
0.8919
1.036
0.9533
0.9183
0.9689
0.783
0.9024
1.166
1.184
1.344
0.8984
1.105
1.122
0.8861
1.113
0.6629
1.053
0.9703
1.187
0.9896
1.263
0.987
0.7461
0.982
1.088
1.048
1.479
0.9669
0.7133
1.644
1.142
1.396
1.348
1.466
1.195
1.389
0.7514
0.8515
0.6637
0.962
1.075
1.499
0.9964
1.315
1.018
1.348
1.444
1.281
1.35
0.8912
1.131
1.448
0.9838
1.136
0.8268
1.364
1.078
1.091
1.448
1.444
1.381
0.9674
1.226
1.365
1.125
1.832
1.401
1.178
1.257
0.4134
1.292
1.083
0.9601
1.353
1.555
1.339
1.488
1.362
1.369
0.8777
1.292
1.151
0.8102
1.039
1.328
1.284
1.4
1.172
1.361
1.146
1.169
1.212
1.137
1.258
1.13
1.213
0.9011
1.071
0.8966
1.28
1.009
1.056
1.308
1.177
1.123
1.707
1.191
1.662
0.7189
1.23
1.824
1.872
1.736
2.02
1.316
1.93
1.251
1.466
1.506
1.383
1.111
1.715
1.523
1.506
1.681
1.26
1.677
1.259
1.291
1.437
1.791
1.776
1.421
1.631
1.286
0.9218
1.803
1.742
1.268
1.279
1.045
1.078
1.195
1.253
1.343
1.176
1.636
1.379
1.292
1.553
0.8778
1.412
1.244
0.9974
1.348
0.9629
0.9269
1.469
1.019
1.367
1.088
1.006
1.303
1.242
1.136
1.232
1.632
1.517
1.115
1.533
0.9696
1.129
1.25
1.437
1.266
1.21
1.619
1.22
1.331
1.06
0.3899
1.427
1.372
1.334
1.576
1.109
1.277
0.8043
1.281
0.7033
1.179
1.394
1.497
1.071
0.7416
1.161
1.4
1.816
0.9626
1.225
1.197
1.583
1.323
1.03
1.351
1.161
1.156
1.652
1.456
1.268
1.018
1.171
1.37
1.519
1.319
1.367
1.443
1.65
1.277
1.535
1.452
1.224
1.109
1.34
0.9771
1.275
1.297
1.196
1.612
1.185
1.332
1.101
1.49
1.44
0.9996
1.44
1.307
1.468
1.184
1.572
1.439
1.006
1.317
0.9973
1.18
1.333
1.634
1.476
1.604
1.145
1.282
1.045
1.269
1.31
1.493
1.252
1.342
0.7674
1.012
1.223
1.273
1.755
1.188
1.398
1.045
1.335
1.355
1.02
0.9919
1.51
1.661
1.161
1.419
1.436
1.283
1.23
0.7922
1.376
0.9468
1.03
1.509
1.303
1.353
1.627
1.115
1.387
1.037
1.061
1.339
1.116
0.7144
1.563
1.598
1.357
1.417
1.227
1.122
0.8898
1.046
0.9754
1.253
1.06
1.082
1.193
1.329
1.144
1.603
1.082
1.291
1.306
1.186
1.691
1.763
1.211
1.727
1.315
1.298
1.324
1.65
1.138
0.897
1.28
1.31
0.9672
1.39
1.098
1.321
1.527
1.281
1.066
1.595
1.528
1.642
1.255
1.25
1.356
1.331
0.9149
1.171
1.546
1.381
1.242
1.411
1.292
1.646
1.705
1.088
1.27
1.641
0.9829
1.092
1.145
0.8477
1.427
1.705
1.13
1.621
1.077
1.208
1.091
1.301
0.9376
1.177
1.579
1.612
1.535
1.347
1.449
1.055
0.8981
1.638
1.415
1.277
1.405
1.07
1.122
1.294
1.128
1.411
1.18
1.456
1.796
1.415
0.9125
1.265
0.9848
1.571
1.009
1.03
1.186
1.679
1.017
1.871
1.229
1.179
1.317
1.451
1.254
1.227
1.089
1.127
1.312
1.481
1.108
1.317
1.251
1.434
1.368
1.425
1.548
1.758
1.526
1.166
1.387
1.302
1.08
1.198
1.053
1.439
1.515
1.575
1.19
1.669
1.64
1.427
1.694
1.304
1.421
1.493
1.517
1.095
1.613
1.572
1.264
1.005
1.102
1.442
1.662
1.605
1.543
1.803
1.225
1.111
1.243
1.167
1.321
1.07
1.159
1.472
1.155
0.9822
1.228
0.783
1.268
1.022
0.9673
1.328
1.22
0.6318
1.196
1.007
0.9758
1.408
1.337
1.235
1.159
1.185
1.287
0.7921
1.114
1.338
1.511
1.265
1.429
1.14
1.219
1.246
1.324
1.11
1.579
1.336
1.058
1.529
1.385
1.111
1.113
1.16
1.107
1.249
1.267
1.024
1.119
1.35
0.6884
1.416
1.515
1.201
1.478
0.9671
0.8763
1.264
0.9645
0.9518
1.302
0.9986
1.102
1.338
1.178
0.9788
1.099
1.133
1.348
1.355
1.013
1.117
1.24
1.55
1.431
0.8987
1.003
1.364
1.678
1.676
1.684
1.548
1.639
1.666
1.635
1.415
1.471
1.334
1.684
1.089
0.87
1.444
1.687
1.96
1.481
1.426
1.448
1.255
1.427
1.15
0.9264
1.295
1.752
1.411
1.358
1.32
1.066
1.481
1.342
1.155
1.54
1.221
1.312
1.575
1.34
1.488
1.289
1.389
1.153
1.197
1.164
1.518
1.215
0.8567
1.18
0.8536
1.301
1.352
1.24
1.331
1.311
0.9928
1.097
1.356
0.8544
0.9179
1.483
1.414
1.899
1.573
1.778
1.206
0.5959
1.766
1.506
1.587
1.596
1.083
1.258
1.326
1.265
1.109
1.225
1.574
1.883
1.239
0.8488
1.474
1.39
1.405
1.458
1.093
1.446
1.581
1.472
1.57
1.281
1.457
1.284
1.35
0.9093
0.96
1.373
1.157
1.297
1.366
1.334
1.262
1.694
1.605
0.9939
1.469
1.321
1.75
1.79
1.472
1.537
1.715
1.008
1.338
1.342
0.9165
0.9665
0.8124
1.36
1.283
1.253
1.545
1.296
1.452
1.616
1.123
1.477
1.156
1.016
1.312
0.9061
1.005
1.188
0.8206
1.311
1.23
0.9632
1.578
1.349
1.221
1.165
0.994
1.109
1.148
1.112
1.102
1.082
1.554
1.257
1.227
1.357
0.8623
1.265
1.244
1.263
1.558
1.328
1.109
1.053
1.462
1.294
0.9588
1.273
1.535
1.311
1.042
1.5
1.072
1.529
1.256
0.875
1.542
1.174
1.128
1.202
0.9462
0.9993
1.163
0.8005
1.605
1.412
1.523
1.575
1.182
1.475
1.672
1.569
1.432
1.261
1.61
1.223
1.677
1.202
1.176
1.371
1.415
1.337
1.337
1.308
1.412
1.072
0.8579
1.826
1.088
1.206
1.122
1.897
1.355
1.525
1.477
1.532
1.35
1.751
1.002
1.114
1.797
1.414
1.265
1.243
1.453
1.309
1.369
1.045
1.711
1.157
1.487
1.308
1.566
1.266
1.404
1.648
1.439
1.402
1.69
1.745
1.512
1.182
1.509
1.113
1.387
0.9464
1.356
1.653
1.229
1.477
1.495
1.085
1.271
1.189
1.098
1.41