X
18.56
18.05
17.88
18.73
18.2
18.35
18.24
17.59
17.87
18.26
18.03
18.38
18.62
18.13
18.69
18.58
18.04
18.22
18.2
17.94
18.37
18.38
18.17
18.01
17.84
18.22
18.24
18.03
18.8
18.14
18.38
18.53
18.23
17.96
18.02
18.4
18.51
17.92
17.8
17.99
18.66
18.4
18.43
17.95
18.2
18.36
18.46
18.46
18.36
18.02
18.16
18.39
18
18.09
18.09
18.03
18.1
18.13
18.4
18.29
17.87
18.7
18.09
18.29
17.92
18.42
18.45
18.09
18.92
18.09
18.52
18.15
18.25
18.58
18.28
18.16
18.09
18.06
18.26
18.22
18.12
18
18.43
18.11
18.41
18.36
18
18.5
17.92
18.01
17.83
18.16
18.24
17.86
18.5
18.43
18.37
18.15
18.21
18.3
18.34
18.33
18.23
18.28
18.09
18.22
18.33
18.12
18.2
18.1
18.09
18.8
17.96
18.54
18.57
18.22
18.35
18.21
18.23
18.6
18.1
18.53
18.17
17.87
18.28
18.23
18.01
18.41
18.2
18.16
18.79
18.44
18.65
18.48
18.52
18.32
17.99
18.09
18.21
18.04
18.45
18.35
18.4
18.26
18.2
18.47
18.09
18.31
18.33
18.34
18.32
18.33
18.49
18.25
18.05
18.64
18.35
18.51
18.37
18.36
18.42
18.37
17.9
18.34
18.31
18.7
18.36
18.7
17.92
18.14
18.69
18.42
18.51
18.32
18.57
17.95
18.19
18.22
17.97
17.92
18.48
18.24
18.17
17.85
17.93
18.41
18.41
17.82
17.96
18.41
17.97
18.58
18.27
18.38
18.74
18.22
17.84
18.31
18.28
17.86
18.2
18
18.24
18.24
18.64
17.77
18.23
18.35
18.08
18.37
18.3
18.04
18.41
18.14
18.02
17.77
18.12
18.25
18.15
18.31
18.57
18.52
18.35
18.18
18.25
18.04
18.14
18.35
18.38
18.2
18.42
17.92
18.36
18.18
17.8
17.94
18.29
18.14
18.2
18.49
18.43
18.23
18.1
18.12
17.72
18.38
18
18.27
18.56
18.38
18.01
18.04
18.24
18.35
18.2
18.2
18.1
18.01
18.49
18.24
18.43
18.31
18.34
18.47
18.22
18.26
17.86
18.45
18.23
18.24
17.98
18.38
18.37
17.94
18.45
17.93
18.48
17.93
18.34
18.19
17.79
18.4
18.06
18.22
18.5
18.24
18.29
18.49
17.59
18.16
18.25
18.46
18.31
17.93
17.92
18.11
17.52
18.45
18.07
18.09
18.14
17.46
17.8
18.13
17.48
18.22
18.14
17.74
18.2
18.16
17.75
18.33
17.83
17.99
18.07
17.53
18.06
17.81
17.99
17.73
18.06
18.05
17.87
17.53
18.23
18.3
18.09
18.16
18.25
17.99
18.2
17.99
18.14
17.83
17.79
18.3
17.96
17.9
17.84
17.74
18.14
18.35
18.44
18.12
18.12
18
17.65
17.57
17.65
17.82
18.58
17.78
17.82
18.09
17.69
18.42
18.17
18.13
17.91
18.27
17.7
17.79
18
17.72
18.39
18.07
17.98
18.44
18.3
18.02
18
17.94
17.73
18.12
17.85
17.95
18.69
17.45
18
17.95
17.91
18.28
17.75
17.8
18.56
17.87
18.12
18.29
17.93
18.34
18.6
18.25
18.29
18.76
18.4
18.41
18.51
18.25
18.32
18.31
18.28
18
18.33
18.24
18.39
18.93
18.09
18.31
18.72
17.93
18.29
18.38
18.09
18.34
18.08
18.44
18.43
18.15
18.8
18.31
18.42
18.61
18.32
18.3
18.41
18.37
18.33
18.34
18.22
18.34
18.27
18.36
18.8
18.43
17.91
18.63
18.32
18.3
18.72
18.38
18.36
18.29
18.5
18.19
18.74
18.36
18.31
18.56
18.74
18.22
18.17
18.83
18.1
18.2
18.17
18.36
18.35
18.32
18.53
18.02
18.3
18.2
18.76
18.64
18.49
18.4
18.34
18.27
18.26
18.57
17.97
18.25
18.41
18.24
18.68
18.35
18.4
18.16
18.12
18.13
18.52
18.26
18.1
18.35
18.34
18.56
17.87
17.92
17.69
18.03
18.28
18.15
18.5
18.42
18.42
18.01
18.46
18.22
17.92
18.37
18.18
18.61
18.34
18.16
17.93
18.07
18.45
18.17
18.16
18.16
18.24
18.38
18.19
17.98
18.1
18.08
18.16
18.33
18.19
18.03
17.95
18.29
18.24
18.19
18.17
18.22
18.41
18.26
18.27
18.41
18.19
18.28
18.61
18.01
18.29
18.15
18.57
17.79
18.2
17.61
17.8
18.02
18.32
18.19
17.79
18.32
18.08
17.97
18.42
18.27
18.49
18.29
18.26
18.07
17.93
18.21
18.13
18.14
18.39
18.28
18.39
17.93
18.13
18.21
18.07
17.97
18.48
18.21
17.88
18.29
18.34
17.97
18.33
18.15
17.87
18.44
17.65
17.93
18.05
18.6
17.85
18.3
18.49
17.97
18.5
18.35
18.26
18.12
18.17
17.8
18.24
18.19
17.74
18.33
18.13
18.24
18.33
17.95
17.69
17.95
18.42
18.33
18.39
18.08
18.27
18.31
17.73
18.38
18.17
18.33
18.37
18.49
18.03
18.04
18.53
18.36
18.2
18.31
17.92
18.09
18.1
18.57
18.55
18.01
18.25
18.26
18.38
18.42
18.12
18.06
18.16
18.07
18.47
18.35
18.03
17.94
18.62
18.41
18.43
18.27
18.72
17.7
18.76
18.37
18.48
18.11
18.22
18.37
18.11
18.38
18.15
18.46
18.56
18.37
18.1
18
18.32
18.24
18.34
18.17
18.1
18.25
17.68
17.94
18.1
18.32
18.61
18.09
18.36
17.96
18.11
18.14
18.45
18.75
18.02
18.5
18.38
18.15
18.24
18.28
18.26
18.55
18.17
18.46
18.45
18.13
18.5
18.27
18.62
18.08
18.09
17.95
18.36
18.26
18.08
18.16
18.56
18.38
18.42
18.06
18.13
18.12
18.15
18.72
18.57
18.18
18.2
18.35
18.48
18.26
18.41
18.14
18.15
18.42
17.9
18.25
18.36
18.19
18.21
18.24
18.56
18.4
18.56
18.56
17.82
18.31
18.14
18.23
18.32
18.57
18.47
18.18
18.1
18.27
18.24
18.56
18.21
18.41
18.41
18.11
18.21
17.96
18.42
18.2
18.42
18.34
18.17
18.21
18.2
18.27
18.02
17.84
18.03
17.89
18.67
18.32
18.38
18.2
17.99
18.29
18.17
17.84
18.19
17.98
17.94
18.46
18.05
17.91
18.15
17.84
18.08
18.19
18.08
18.04
18.13
18.3
18.28
18.11
18.13
18.45
18.2
18.08
17.71
17.85
17.59
17.83
18.2
18.14
17.79
17.69
18.25
17.84
18.09
17.75
18.32
17.99
17.92
18.06
17.95
18.14
18.08
18
17.82
17.72
17.72
17.98
18.21
18.47
17.89
18.03
17.95
17.56
18.19
18.11
18.08
18.11
17.87
18
18.02
17.66
18.11
17.99
17.81
18.04
17.73
18.15
17.4
18.14
18.28
17.72
18.18
18.15
18.3
18.22
17.96
18.11
17.81
18.45
18.33
18.5
17.92
17.91
18.14
18.18
18.06
17.87
18.35
18.08
18.43
17.72
17.52
18.13
17.94
17.58
17.69
18.29
18.56
17.85
18.49
18.22
18.5
18.35
18.04
17.94
18.72
18.37
18.02
18.39
18.3
18.45
18.4
18.24
18.29
18.43
17.68
18.35
18.46
18.52
18.29
18.23
18.13
18.39
17.88
18.33
18.23
18.4
18.55
18.68
18.51
18.19
18.27
18.15
18.33
17.95
17.99
18.15
18.02
18.37
18.02
18.31
18.47
18.05
18.45
18.32
18.6
17.81
18.47
18.21
18.05
18.44
17.81
18.07
18.3
17.86
18.13
18.19
18.58
17.65
18.26
17.94
17.89
18.25
18.09
18.5
18.03
17.99
18.34
18.49
18.39
18.2
18.47
18.47
18.56
18.64
17.87
18.22
18.69
18.39
17.91
18.07
18.25
17.59
18.6
17.97
18.43
18.12
18.12
17.72
18.12
17.84
18.31
18.1
18
18.12
17.98
18.14
17.81
18.42
17.78
17.86
18.05
17.72
17.97
18
18.15
18.02
18.12
18.17
18.19
17.69
18.1
18.01
18.14
18.02
17.53
18.1
18.26
18.15
17.98
17.93
18.07
17.87
18.43
17.67
18.2
17.98
18.1
17.9
18.06
18.19
18.34
18.28
17.84
18.14
18.14
17.96
18.2
17.93
17.67
17.95
18.06
18.16
18.04
18.11
17.89
18.04
18
17.99
18.55
18.31
18.39
17.68
18.24
18.28
17.79
17.94
18.24
18.29
18.1
17.9
18.2
17.9
18.24
18.28
17.94
17.89
17.98
18.4
18.39
18.18
18.13
17.67
18.55
18.14
18.05
18.23
17.98
18.39
17.99
17.82
18.12
17.98
18.05
17.94
18.08
18.34
18.47
18.13
18.5
18.18
18.13
17.99
17.67
17.79
18.21
18.16
17.92
18.53
18.03
18.77
17.85
17.96
18.06
18.01
17.87
18.32
18.03
18.25
18.14
18.23
18.24
17.93
18.3
17.95
18.13
18.36
18.68
18.11
18.32
18.22
18.61
18.27
18.17
18.05
17.99
17.9
18.09
18.09
18.11
18.13
18.44
18.23
18.28
18.35
17.88
18.22
18.2
18.28
18.27
18.19
18.44
17.84
17.79
17.84
18.32
17.97
18.12
18.39
18.32
18.2
18.05
18.24
17.92
18.19
18.08
18.45
18.61
17.77
17.53
18.13
17.63
18.21
18.34
18.2
18.54
18.68
18.51
18.4
18.73
18.42
18.55
18.7
18.01
18.38
18.91
18.43
18.45
18.78
18.35
18.26
18.42
18.65
18.18
18.08
18.35
18.51
18.28
18.71
18.64
17.95
18.37
18.54
18.23
18.76
17.97
18.78
18.28
18.15
18.48
18.79
18.31
18.4
18.33
18.15
18.46
18.78
18.26
18.94
18.38
18.64
18.3
18.22
18.26
18.28
17.98
18.4
18.46
17.99
18.53
18.26
18.51
18.08
18.41
18.78
18.38
18.49
18.33
18.48
18.43
18.85
18.77
17.74
18.3
18.88
18.58
18.32
18.83
18.58
18.2
18.76
18.53
18.21
18.35
18.05
19.03
18.32
18.56
18.75
17.97
18.25
18.16
17.94
18.09
17.98
18.24
17.99
17.85
18.17
17.96
17.59
18.02
17.88
18.22
17.63
18.15
17.86
17.84
17.91
17.87
18.03
17.62
18
18.17
17.6
18.03
18.06
17.81
17.77
17.91
17.84
18.02
17.98
17.97
17.65
18.11
18.41
18.21
17.74
18.23
17.85
17.92
18.18
18.05
17.76
17.78
17.98
18.11
17.86
17.89
17.79
18.14
17.94
18.12
17.75
17.63
18.04
17.77
18.17
17.89
17.76
17.88
17.96
18.16
18.38
17.67
18.21
18.22
18.13
18.27
18.16
18.18
17.88
18.13
18.16
17.88
17.93
18.14
18.15
17.69
17.98
17.93
18.21
17.96
18.25
18.02
18.04
18.25
18.19
17.91
17.99
18.24
18.12
17.79
18.07
18.1
18.06
17.98
18.47
18.04
18.64
18.18
17.9
17.5
18.58
17.93
18.55
18.35
17.76
18.11
17.76
18.48
18.51
17.84
18.11
17.87
18.01
18.54
18.02
18.23
17.82
18.36
18.36
18.01
18.04
18.44
18.18
18.3
18.58
18.24
18.51
17.9
18.25
17.82
18.21
18.53
18.08
18.39
18.07
17.93
18.26
18.21
18.41
18.24
18.14
18.22
17.95
18.17
18.13
18.32
17.88
18.01
18.17
17.89
18.45
18.14
18.38
18.24
18.58
18.05
18.34
18.27
17.87
18.15
18.26
18.37
17.52
18.1
18.4
18.4
18.04
18.11
18.25
18.02
18.48
17.92
18.48
18.05
18.12
17.92
18.38
17.81
18.42
18.42
18.3
18.34
18.53
18.25
18.13
17.76
18.28
18.27
18.31
18.52
18.56
18
18.12
18.56
18.09
18.33
18.07
18.18
19.12
18.14
18.29
17.89
18.6
17.89
18.25
18.73
18.05
18.1
18.49
18.3
18.32
18.19
18.14
18.2
18.45
18.01
18.11
18.22
18.17
18.32
18.09
18.12
17.73
18.41
18.44
18.84
18.37
18.31
18.15
18.33
18.26
18.39
18.03
17.97
18.21
18.43
18.02
18.29
18.64
18.83
18.26
18.26
18.69
17.89
18.38
18.18
18.27
18.37
18.23
18.08
18.06
18.11
18.16
17.87
18.12
17.74
18.39
18.07
17.96
17.87
17.62
17.97
18.05
18.03
18.49
18.11
18.43
18.21
18.23
17.99
18.26
17.89
18.39
18.4
18.16
17.85
18.15
18.18
18.33
17.91
17.95
18.07
18.35
18.06
18.03
17.95
18.06
18.34
18.01
18.14
18.37
17.76
18.24
18.15
18.09
18.23
18.47
18.09
18.12
18.5
18.43
18.22
18.03
17.85
18.1
18.16
17.88
18.32
18.09
17.93
18.4
18.16
18.1
17.91
18.23
18.1
17.93
18.14
18.23
18.56
17.92
18.07
18.14
18.09
18.07
18.04
18.19
18.02
18.29
17.82
18.12
18.23
18.33
18.51
18.64
18.92
18.7
19.03
18.53
18.71
18.44
18.47
18.65
18.63
18.35
18.63
18.37
18.66
18.48
18.46
18.41
18.34
17.97
18.39
18.29
18.68
18.7
18.55
18.29
18.81
18.49
18.87
18.72
18.25
18.41
18.36
18.34
18.49
18.59
18.55
18.6
18.22
18.25
18.46
18.54
18.38
18.45
18.73
18.42
18.49
18.5
18.71
18.31
18.78
18.4
18.53
18.56
18.6
18.24
18.6
18.77
18.58
18.55
18.66
18.61
18.91
18.46
18.44
18.89
18.75
18.74
18.56
18.76
18.52
18.4
18.54
18.81
18.29
18.33
19.28
18.16
18.38
18.62
18.54
18.58
18.33
17.74
18.37
18.16
18.85
17.99
18.56
18.24
18.17
18.08
18.47
18.15
18.6
18.08
18.24
18.28
18.54
17.96
17.73
18.52
18.35
18.13
17.92
18.57
18.02
18.37
18.23
18.4
18.04
18.5
17.67
18.37
18.13
18.27
17.75
18.15
18.16
18.42
18.23
18.18
18.36
17.75
18.35
18.2
18.19
18.32
18.33
18.07
18.35
18.42
18.33
18.12
18.17
18.36
18.24
18.3
18.01
18.06
18.64
18.3
18.2
18.32
18.71
18.2
18.52
18.49
18.11
18.13
17.75
18.23
17.88
18.41
18.43
18.58
18.07
17.96
18.29
18.15
18.51
18.4
18.29
17.93
18.38
17.89
17.91
18.18
18.27
18.34
18.25
18.1
17.91
18.5
18.12
18.51
18.24
18.14
18.22
18.2
18.42
18.28
18.5
17.92
17.77
17.94
18.05
17.97
17.78
18.28
17.96
18.07
18.03
17.94
18.08
18.16
18.01
18.24
18.32
17.68
18.22
18.07
18.07
18.12
17.91
18.15
18.22
18.21
18.05
18.36
18.37
18.3
17.91
18.31
17.99
18.22
18.03
18.1
18.19
17.69
18.16
17.67
18.16
18.18
18.27
18.37
18.12
18.14
17.79
18.09
18.25
18.07
18.62
17.74
18.22
18.15
17.71
17.89
17.99
18.01
18.21
18.52
17.88
18.17
18.46
18.36
18.26
18.4
18.28
18.21
18.1
18.34
17.93
18.03
18.1
18.2
18.35
18.24
18.43
18.65
18.64
18.13
18.21
18.1
18.34
18.02
18.12
17.6
17.78
18.76
18.15
18.42
18.51
17.87
18.44
18.4
18.16
18.23
17.91
17.58
18.25
17.94
18.06
18.64
18.16
18.13
18.64
18.09
17.89
18.24
18.44
18.59
18.08
18.02
18.32
18.08
17.47
17.8
18.35
17.72
18.43
18.2
18.19
18.08
18.07
18.44
18.04
18.15
18
18.27
18.38
18.42
18.4
17.74
18
18.16
18.3
18.48
17.94
18.24
17.95
18.21
18.37
18.34
18.32
18.07
18.01
17.55
18.28
17.91
17.97
18.15
18.4
18.25
18.12
18.28
18.32
18.28
18.28
18.13
17.99
18.28
17.85
18.28
18.31
17.92
18.3
17.82
18.12
18.47
18.18
18.38
18.43
18.33
18.61
18.26
18.36
18.08
18.44
18.38
18.19
18.3
18.02
18.21
18.32
18.37
18.53
17.97
18.08
18.41
18.29
18.3
18.7
18.42
18.25
18.12
18.31
18.06
18.1
18.41
18.16
18.22
18.18
18.17
18.46
18.58
18.58
18.56
18.31
18.19
18.04
18.37
18.3
18.36
18.16
18.11
18.46
18.27
17.98
18.09
18.17
18.61
18.7
18.28
18.14
18.08
18.36
18.42
18.49
18.17
17.91
17.93
18.1
18.49
18.49
18.21
18.25
18.2
18.28
18.19
18.11
18.33
18.49
18.76
18.17
18.08
18.32
18.68
18.36
18.61
18.41
18.43
18.34
18.25
18.59
18.09
18.45
18.24
18.33
18.32
18.46
18.7
18.22
18.31
18.45
18.14
18.03
18.15
18.12
18.31
18.26
17.89
18.36
18.26
18
18.29
18.51
18.33
18.65
18.27
18.18
18.35
18.36
17.94
18.52
18.56
18.6
18.36
18.41
18.43
18.57
18.32
18.27
18.2
18.32
18.26
18.45
18.51
18.11
18.03
18.13
18.43
17.67
18.27
18.1
18.36
18.23
18.39
17.59
18
18.17
18.29
17.97
18.5
18.13
17.97
17.86
18.13
18.34
18.21
18.2
18.23
17.6
18.52
18.32
18
17.63
18.11
17.91
18.66
18.3
18.29
18.2
18.48
18.26
18.09
17.89
18.24
18.08
17.88
18.27
18.52
18.16
18.18
17.95
18.14
17.89
18.29
18.13
18.15
17.56
17.94
18.01
17.93
18.4
17.95
18.16
18.33
17.98
18.13
18.21
17.79
17.98
18.05
17.71
17.87
18.6
17.4
18.18
17.84
17.97
18.46
17.81
17.95
18.18
18.28
18.07
18.46
18.25
18.66
18.65
18.17
18.59
18.35
18.09
18.2
18.74
18.23
18.36
18.77
18.42
18.38
18.33
18.27
18.6
18.33
18.18
18.14
18.13
17.89
18.26
18.19
18.35
18.38
18.11
18.35
18.49
18.5
18.72
18.54
18.05
18.36
18.11
18.28
18.38
18.43
18.64
18.41
18.32
18.19
18.52
18.18
18.22
18.55
18.47
18.35
18.29
18.43
18.54
18.11
18.52
18.29
18.69
18.15
18.25
18.13
18.1
17.95
18.22
17.97
18.56
18.2
18.25
18.29
18.12
18.07
18.37
18.16
18.39
18.33
18.41
18.27
18.3
17.8
18
18.11
18.28
18.26
18.19
18.43
18.15
18.26
17.95
18.32
18.25
18.19
18
18.27
18.48
18.39
18.36
18.06
18.1
17.67
18.26
18.19
18.27
18.06
18.28
18.01
18.15
18.65
18.45
17.99
18.22
18.65
18.19
18.09
18.21
18.11
18.58
18.05
18.37
18.52
18.46
18.2
18.11
18.25
18.7
18.03
18.07
18.24
18.39
18
18.03
18.78
18.4
18.18
18.46
18.45
18.15
18.02
18.49
18.06
18.09
18.47
18.58
18.5
17.97
18.17
18.49
18.3
18.41
18.5
18.58
18.18
18.28
18.27
17.98
18.31
18.22
17.84
18.05
18.34
18.47
18.71
18.31
18.06
18.59
18.59
18.51
18.3
18.27
18.41
18.16
18.64
18.01
17.81
18.39
18.33
18.47
18.08
17.81
18.18
18.35
18.18
18.17
18.36
18.27
17.95
18.08
17.97
18.32
18.31
18.33
18.2
18.15
18.6
18.13
18.49
18.4
18.26
18.35
18.24
18.45
18.17
18.17
18.39
18.07
18.39
18.03
18.34
18.63
18.48
18.26
18.1
18.36
18.71
18.1
18.42
18.17
18.46
18.35
18.35
18.35
17.95
18.36
18.28
17.84
18.53
18.46
18.32
18.41
18.29
18.41
18.46
18.63
18.08
18.38
18.56
18.84
18.24
18.3
18.81
18.25
18.32
18.33
18.34
18.44
18.27
18.3
18.21
18.22
18.33
18.2
18.28
18.24
18.5
18.52
18.56
18.24
18.53
18.56
17.86
18.38
18.47
18.26
18.27
18.11
18.16
18.03
18.59
18.01
18.29
18.66
18.28
18.46
18.36
18.03
18.17
18.13
18.24
18.84
17.95
18.01
18.45
18.46
18.66
18.55
18.44
18.4
18.6
18.62
18.06
18.52
18.44
18.42
18.5
18.27
18.28
18.07
18.25
18.1
18.8
18.56
18.27
17.91
18.53
17.83
18.3
18.3
18.49
18.33
18.18
18.2
18.23
17.98
18.21
17.98
18.54
18.19
18.38
17.66
18.31
18.34
18.06
18.28
17.53
17.86
18.07
18.83
18.64
18.1
18.07
18.53
17.86
18.15
17.76
17.69
18.48
18.2
18.28
18.15
18.6
18.08
18.33
18.09
18.45
18.36
18.3
18.19
18.38
18.58
18.25
18.63
18.27
18.59
18.43
18.15
18.24
17.78
18.47
18.34
18.34
18.1
18.61
18.4
17.74
18.21
18.71
18.69
18.22
18.68
18.28
18.41
18.97
18.24
18.66
18.47
18.23
18.28
18.83
18.16
18.24
18.44
18.29
18.59
18.32
18.13
18.42
18.5
18.25
18.29
18.23
18.53
18.21
18.24
18.51
18.38
18.19
18.81
18.7
18.19
18.14
18.3
18.04
18.65
18.15
18.35
18.41
18.37
18.28
18.24
18.25
18.43
18.35
18.54
18.04
18.5
18.39
18.19
17.97
18.25
18.4
18.53
18.63
18.09
18.42
18.47
18.3
18.5
18.08
18.69
18.29
18.12
18.26
18
18.34
18.26
18.29
18.18
17.73
18.15
18.34
17.79
17.82
17.85
17.96
18.47
17.43
18.39
18.19
18.1
17.93
18.12
17.87
18
18.2
18.61
18.05
18.13
18.03
18.12
17.82
17.94
18.22
18.22
18.21
17.75
18.09
18.03
18.3
18.21
18.16
18.07
18.68
17.81
17.92
18.17
18.01
17.96
18.15
18.41
18.38
18.47
18.35
17.92
17.77
17.89
17.86
17.9
17.85
18.13
18.1
17.95
18.2
18.16
18.23
17.9
18.02
18.24
17.95
18.38
17.88
18.33
18.02
18.23
18.53
18.51
18.56
18.4
18.42
18.33
18.18
18.29
18.36
18.48
18.58
18.02
17.63
18.73
18.49
18.6
18.39
18.51
18.31
18.35
18.14
18.69
17.94
18.03
18.3
18.29
18.2
17.65
18.16
18.19
18.05
17.96
18.24
18.47
18.58
18.39
18.29
18.62
18.36
17.98
18.58
18.16
18.37
18.36
18.08
18.45
18.32
18.28
18.39
18.56
18.45
18.32
18.57
18.1
18.3
18.14
18.27
18.52
18.76
18.02
18.07
18.48
18.12
18.39
18.44
18.29
18.2
18.17
18.42
18.24
18.17
18.12
18.84
17.99
18.27
17.85
17.98
18.26
18.26
17.98
18.26
18.42
17.74
18.43
18.36
18.23
18.27
18.15
18.24
18.26
17.78
18.18
17.95
18.11
18.12
18.16
17.97
18.24
18.21
18.31
18.14
18.21
18.08
18.35
18.43
18.26
18.26
18.1
18.17
18.03
18.21
18.61
17.93
18.26
18.01
18.31
18.53
18.18
18.25
17.82
18.65
18.29
17.87
17.92
18.26
18.75
18.16
18.2
18.13
18.16
18.57
17.93
18.13
18.24
18.17
18.76
18.59
18.22
17.73
18.61
18.1
18.23
18.13
18.17
18.24
18.27
18.24
18.45
18.48
18.18
18.36
18.52
18.3
18.28
17.85
18.29
18.23
18.59
18.38
18.42
18.15
18.6
18.4
18.33
18.32
18.16
18.09
18.74
18.21
18.43
18.02
18.41
18.36
18.17
18.15
18.56
18.11
17.72
18.21
18.17
18.48
18.54
18.32
18.2
18.46
18.51
18.33
18.31
18.16
18.59
18.22
18.06
18.63
18.52
18.38
18.04
18.16
18.42
18.05
18.34
18.41
18.33
18.43
18.39
18.19
18.19
18.34
18.45
18.19
18.11
17.98
18.14
18.27
18.82
18.14
18.51
18.11
18.36
18.31
18.31
18.4
18.02
17.94
18.27
18.58
18.27
17.75
18.34
18.27
17.79
18
18.03
18.12
18.41
18.05
18.36
18.14
18.29
18.15
18.29
17.94
18.51
18.13
18.11
18.16
18.22
18.17
18.52
18.31
18.29
18.28
18.5
18.08
18.02
18.08
18.24
17.86
17.81
18.52
18.52
18.47
18.33
17.94
18.65
17.95
18.08
18.43
18.61
18.08
18.29
18.58
18.78
18.03
18.62
18.41
18.53
18.14
18.24
18.34
18.38
18.49
18.17
18.39
18.32
17.78
18
17.88
18.03
18.51
18.01
18.44
17.88
18.2
18.01
17.87
18.4
18.04
18.26
18.49
18.68
18.28
17.82
18.31
18.43
18.38
18.13
18.23
18.2
18.2
18.63
18.23
18.04
18.35
17.95
18.26
18.07
18.33
18.44
18.55
18.5
18.08
18.45
18.25
18.66
18.65
18.2
17.88
18.39
18.27
18.03
18.25
18.59
18.26
18.15
18.55
18.1
17.95
18.36
18.3
18.39
18.44
18.07
18.07
18.49
18.4
18.26
18.36
18.42
18.4
18.31
18.25
18.56
17.95
18.48
18.16
18.2
18.45
18.43
18.33
18.26
18.42
18.42
18.55
18.17
18.44
18.35
18.33
18.27
18.02
18.3
18.65
18.39
18.14
18.48
18.58
18.53
18.54
18.29
18.4
18.26
18.03
18.24
18.49
18.29
18.27
18.06
18
18.61
18.22
18.1
18.04
18
18.24
18.23
18.5
18.25
17.74
18.04
18.34
18.12
18.25
18.37
18.59
18.26
17.96
17.88
18.23
18.12
18.49
18.36
17.99
18.54
18.26
18.17
18.03
18.1
18.37
18.06
18.29
18.33
18.44
18
18.21
17.92
18.12
18.44
17.94
18.47
17.73
18.27
17.71
18.27
17.79
17.84
17.91
17.53
18.36
18.1
18.13
18.56
18.11
17.86
18.28
18.27
18.18
18.25
17.76
17.81
17.81
17.89
17.86
18.21
18.28
18.16
18.1
18.15
18.49
18.75
18.11
18.59
18.46
18.09
18.33
18.26
18.35
18.46
18.16
18.13
18.75
18.44
18.69
18.66
18.18
18.28
17.93
18.13
18.26
18.26
18.46
18.33
18.1
18.27
18.21
17.98
18.24
17.85
18.36
18.28
18.34
18.28
18.37
18.43
18.08
18.22
18.2
18.44
18.55
18.5
18.64
18.36
18.46
18.11
18.35
18.6
18.05
18.68
18.5
18.5
18.48
18.72
18.35
18.11
18.59
18.29
18.08
18.22
18.3
18.25
18.24
17.92
18.23
18.27
18.2
18.14
18.22
18.31
18.3
18.23
17.87
18.35
18.25
18.38
18.48
17.94
18.22
17.57
17.89
18.38
18.33
18.11
18.04
17.8
18.28
18.45
18.18
18.11
18.18
18.22
18.07
18.07
18.14
18.14
18.26
17.86
18.21
18.33
18.6
18.35
18.25
18.13
18.26
18
18.31
18.14
17.89
18.07
18.66
18
18.05
18.02
18.36
18.25
18.17
18.71
18.09
18.32
18.86
18.37
18.26
18.12
18.17
18.31
18.28
18.21
18.28
18.07
18.6
17.71
18.28
18.17
18.2
17.95
17.94
18.36
17.97
18.24
18.35
18.14
17.8
18.27
18.17
18.28
18.38
18.11
18.08
18.26
18.32
18.57
18.5
17.98
18.12
17.81
18.35
18.48
18.35
18.18
18.44
18.37
18.23
18.09
18.34
18.24
18.13
18.61
18.3
18.36
18.29
18.47
18.57
17.94
18.08
17.98
17.93
18.14
18.34
18.22
18.37
18.67
18.07
18.09
18.28
18.18
17.85
18.2
18.04
18.16
18.28
18.34
18.12
18.49
18.19
18.35
18.14
18.1
18.05
17.88
18.25
18.64
18.52
18.21
18.06
18.25
17.83
18.22
17.98
18.32
18.04
18.15
18.47
18.5
18.08
18.15
18.37
18.44
17.71
18.23
18.16
18.04
18.51
18.27
18.42
18.39
18.29
17.98
18.27
18.58
18.41
18.46
17.94
18.27
18.68
17.71
18.69
18.04
18.21
18.09
18.1
18.44
18.2
18.28
18.62
18.23
18.26
18.06
18.41
18.39
18.33
18.57
18.52
18.51
18.1
18.23
18.39
17.98
18.13
18.2
18.31
18.51
18.1
18.47
18.63
17.9
18.16
18.15
18.4
18.31
18.53
17.97
18.03
18.45
18.03
18.36
17.94
18.67
18.38
18.24
17.8
18.04
18.4
18.85
18.24
18.32
18.29
18.83
18.58
18.48
18.03
18.22
18.2
18.35
18.26
18.56
18.73
18.6
18.87
18.31
18.42
18.76
18.48
18.27
18.58
18.3
17.99
18.44
18.36
18.37
18.8
18.21
17.98
18.5
18.53
18.53
18.53
18.41
18.47
18.45
18.35
18.6
18.38
18.38
18.52
18.06
18.94
18.69
18.3
18.73
18.27
18.42
18.1
18.22
18.32
18.13
18.85
18.34
18.16
18.35
18.9
18.35
18.28
18.66
18.47
18.35
18.51
18.18
18.15
18.65
18.5
18.63
18.05
17.8
18.26
18.31
18.42
18.24
17.91
17.97
18.14
17.84
18.13
17.84
18.23
17.78
18.28
18.41
18.28
18.21
18.17
18.19
18.29
18.47
18.04
17.48
18.08
18.01
18.02
18.26
17.89
17.82
18.67
18.14
18.36
18.26
17.74
18.61
18.17
18.31
18.25
17.8
18.2
18.36
18.51
18.27
18.27
17.92
18.04
18.01
17.99
18.13
18.44
18.23
17.71
18.34
18.25
18.32
18.04
18.12
17.97
18.27
18.24
17.93
18.19
18.37
17.9
18.07
18.36
18.18
18.65
17.94
18.3
18.01
17.9
18.27
18.32
18.21
18.24
17.96
17.53
18.25
18.42
17.9
18.12
18.13
17.85
18.44
18.18
18.02
17.92
18.35
18.35
18.3
18.27
17.9
18.24
18.44
18.04
18.34
18.18
18.4
18.02
18.39
18.22
18.04
18.39
18.28
18.18
18.11
18.28
18.7
17.71
18.53
17.72
18.17
18.43
18.16
18.33
18.39
17.55
18.03
18.58
18.11
18.38
18.33
18.41
18.07
18.23
18.06
18.39
18.08
18.02
17.98
18.31
18.25
17.92
17.95
18.33
17.92
18.36
18.1
18.35
18.5
18.31
18.39
17.67
18.34
18.06
18.02
18.28
18.42
18.2
18.19
17.92
18.08
17.72
18.24
17.88
18.29
17.72
18.33
18.41
18.41
18.41
18.19
18.27
18.1
17.89
18.36
17.8
18.32
17.91
18.02
18.37
18.35
18.1
18.2
18.18
18.28
18.35
17.87
17.81
18.3
18.38
18.24
18.16
18.23
18.41
18.19
17.74
18.02
18.06
18.24
18.56
18.25
18.56
18.2
17.9
18.33
18.29
17.63
17.99
18.06
17.89
18.67
18.3
17.73
18.34
18.45
18.58
17.9
17.97
18.32
18.52
18.72
18.48
18.34
18.65
18.13
18.71
18.19
18.49
18.51
18.5
18.51
18.28
18.11
18.24
18.37
18.95
18.36
18.5
18.35
18.32
18.28
18.41
18.55
18.55
18.22
18.51
18.45
18.37
18.33
17.82
18.24
18.34
18.58
18.3
18.15
18.44
18.73
18.16
18.32
18.19
18.18
18.36
18.83
18.57
18.42
18.33
18.31
18.33
18.47
18.19
18.37
18.16
18.36
18.05
18.18
18.47
17.97
18.52
18.16
18.48
18.43
18.02
18.01
18.47
18.25
18.44
18.33
18.17
18.24
17.85
18.18
18.16
18.43
18.35
18.32
18
18.18
18.22
18.39
18.13
18.16
18.28
18.86
18.65
18.31
18
18.81
18.19
18.1
18.02
17.99
18.1
17.72
17.93
18.55
18.4
18.08
18.23
18.3
18.58
18.14
18.33
18.52
18.22
18.57
18.58
18.67
18.6
18.61
18.2
18.24
18.22
18.12
18.12
18.34
18.28
18.78
18.12
18.48
18.48
18.19
18.53
18.36
18.4
18.06
18.07
18.5
18.51
18.31
18.59
18.43
18.15
18.52
18.03
18.17
18.29
18.48
18.2
18.24
18.24
18.55
18.23
18.11
18.64
18.34
18.32
17.95
18.34
18.51
18.54
18.45
18.71
18.2
18.41
18.31
18.16
18.09
18.31
18.1
18.14
18.02
18.42
18.42
18.44
18.08
18.38
18.34
18.55
18.32
18.43
18.28
17.84
18.16
18.14
17.82
18.19
18.3
18.28
18.52
18.02
18.17
18.32
18.37
18.25
18.29
18.14
18.08
18.29
17.79
18.23
18.18
18.49
18.41
18.42
18.47
18.41
18.11
18.49
18.2
18.7
18.11
18.26
18.31
18.35
18.07
18.11
18.4
18.59
18.43
18.61
18.34
18.5
18.45
18.36
18.03
17.98
18.12
18.34
18.05
18.11
18.53
18.39
17.85
18.28
18.17
17.97
18.15
18.33
18.62
18.22
18.49
18.33
18.31
18.47
18.47
18.33
17.98
18.54
17.99
18.23
18.36
18.48
18.7
18.32
18.71
18.11
18.12
18.29
18.44
17.91
18
18.39
18.66
18.29
18.05
18.14
17.96
18.01
18.44
18.43
18.47
18.01
17.99
18.52
17.96
18.17
18.26
18.31
17.91
18.13
18.13
18.32
17.97
18.37
17.77
18.18
18.34
18.59
18.26
18.39
18.24
18.16
18.09
17.94
18.37
18.12
18
17.97
18
18.42
17.95
18.58
18.24
17.95
18.33
18.17
18.61
18.45
18.45
18.52
18.11
18.29
18.31
18.18
18.32
18.39
18.28
18.44
18.08
18.35
18.22
18.45
18.08
18.3
18.03
18.16
18.5
18.36
18.42
18.09
18.01
18.25
18.15
18.28
18.06
18.22
18.39
18.18
18
17.62
18.15
18.3
18.46
18.61
17.83
18.19
18.39
18.13
18.04
18.43
18.26
18.61
17.99
18.2
18.34
18.32
17.99
18.16
18.49
18.58
18.27
18.43
18.18
18.24
18.04
17.91
18.29
18.76
18.23
17.96
18.24
18.23
18.39
18.15
18.7
18.41
18.35
18.45
18.49
18.22
18.24
18.48
18.02
18.27
18.1
18.34
18.21
18.18
18.5
18.13
18.48
18.5
18.27
18.53
18.18
18.36
17.84
18.32
17.99
17.75
18.05
18.24
18.35
18.21
18.2
18.42
18.1
18.08
18
18.08
18.33
18.03
18.51
18.14
17.93
18.28
18.36
18.36
18.42
17.9
18.33
17.92
18.14
18.21
18.38
18.46
18
18.28
18.21
18.09
18.16
18.25
18.32
18.02
18.63
18.09
18.72
18.56
18.67
18.42
18.41
18.44
18.49
18.07
18.29
18.48
18.52
18.46
18.43
17.89
18.52
17.94
18.11
18.26
18.41
18.31
18.12
18.66
18.37
19.03
18.38
18.4
17.87
17.85
18.46
18.6
18.51
18.1
18.47
18.43
18.41
18.5
18.34
18.31
18.4
18.26
18
17.97
18.34
18.61
18.21
18.17
18.1
18.31
18.3
18.17
18.06
18.35
18.4
18.63
17.99
17.89
18.16
17.93
18.12
18.18
18.34
18.75
18.22
18.39
18.62
18.43
18.3
18.54
18.18
18.37
18.2
18.16
18.42
18.1
18.54
18.3
18.23
17.84
18.75
18.38
18.26
18.34
17.65
18.41
18.38
18.35
17.47
18.38
18.26
18.32
17.8
18.11
18.17
18.1
17.99
18.02
18.09
17.96
18.14
18.21
18.19
18.61
18.41
18.24
18.15
17.96
18.31
17.66
18.14
17.53
18.36
18.16
18.32
18.19
18.1
18.12
18.34
17.88
18.51
17.84
18.56
18.32
18.15
18.14
18.23
18.6
18.52
17.57
18.02
18.42
18.16
17.91
18.46
17.92
18.51
18.58
18.49
18.39
17.85
17.72
18.06
18.01
17.9
17.99
18.19
18.07
18.21
18.23
17.96
18.11
18.37
18.15
18.56
18.48
17.71
18.01
18.36
18.49
18.36
18.27
18.3
18.35
18.21
17.7
18.34
18.31
17.95
18.08
18.14
18.02
18.63
18.51
18.3
18.09
18.31
18.01
18.52
18.28
18.07
17.83
17.94
18.3
18.58
18.29
18.54
18.15
18.04
18.36
17.8
18.07
18.37
18.14
18.28
17.64
18.23
18.12
17.97
18.25
18.33
18.03
18.36
18.19
17.93
17.87
17.89
18.03
17.94
18.18
17.9
18.5
18.07
18.49
18.74
18.55
18.15
18.06
18.37
18.67
18.24
18.23
18.19
17.78
18.29
18.62
18
18.34
18.13
17.93
18.75
18.6
18.24
18.12
17.72
18.04
18.25
18.67
18.32
18.51
18.46
18.37
18.36
18.13
18.54
17.96
18.3
18.24
18.55
18.19
18.53
18.55
18.32
18.21
18.04
17.86
18.1
17.95
18.31
18.66
18.22
18.21
18.62
18.16
18.65
18
18.63
18.33
18.11
18.28
18.36
18.22
18.35
18.49
18.16
18.52
18.11
18.09
18.43
18.61
18.18
18.13
18.48
18.34
18.37
18.54
18.31
18.08
18.22
18.54
18.27
18.11
18.5
18.51
18.71
18.25
18.34
18.18
18.32
18.29
18.65
18.25
18.12
18.04
18.45
18.27
18.2
18.32
18.18
17.98
18.22
18.26
18.12
18.27
18.13
18.36
18.25
18.15
17.98
18.57
17.94
17.97
18.3
18.23
18.34
17.83
17.85
17.91
18.36
18.28
18.57
18.06
18.36
18.21
18.21
18.08
18.48
18.25
18.26
18.35
18.15
18.64
18.36
18.04
18.39
18
18.34
18.56
18.31
18.36
18.59
18.19
18.54
18.3
17.94
18.65
18.58
18.13
18.5
18.17
17.99
17.98
18.59
18.68
18.39
18.27
18.45
18.28
18.25
18.41
18.53
18.26
18.1
18.5
18.73
18.87
18.52
18.11
18.49
18.28
18.04
18
18.13
18.43
18.22
18.52
18.31
18.56
17.94
18.64
18.06
18.29
18.34
18.61
18.63
18.2
18.64
18.04
18.09
18.57
18.39
17.82
18.14
18.09
18.79
18.47
18.61
18.73
18.02
18.56
18.35
18.27
18.59
18.37
18.56
18.27
18.09
18.2
18.36
18.32
18.45
18.1
17.99
18.88
18.46
18.35
18.07
18.41
18.46
18.56
18.53
18.24
18.52
18.36
18.47
18.16
18.12
18.22
18.45
17.72
18.73
18.22
18.38
18.13
18.69
18.2
18.34
18.2
18.45
18.7
18.19
18.48
18.14
18.15
18.15
18.08
18.25
18.29
18.69
18.22
18.46
17.8
18.16
18.41
18.19
18.52
17.98
18.38
17.68
17.96
18.83
18.1
18.1
17.99
18.38
18.07
18.29
18.21
18.11
18.28
17.99
17.98
18.58
18.04
17.94
17.79
17.93
17.98
18.24
18.31
18.27
18.06
18.23
18.46
18.18
17.94
18.6
18.47
18.44
18.5
18.26
18.46
18.32
18.34
18.13
18.5
18.3
17.87
18.15
18.53
18.24
18.45
18.25
18.23
18.11
18.39
18.27
17.94
18.68
18.28
18.05
18.38
17.95
18.26
18.46
18.18
18
18.44
18.18
18.45
18.25
18.5
18.14
18.41
17.99
17.89
18.05
18.4
18.03
17.88
17.85
18.23
18.55
18.17
18.12
18.31
18.13
18.27
17.96
18.39
18.38
18.28
18.65
18.24
18.41
18.14
17.95
18.2
18.22
18.39
18.71
17.89
18.47
18.32
18.22
18.07
18.48
18.25
18.21
18.21
18.16
18.23
18.43
18.17
18.17
17.96
18.7
18.37
18.56
18.21
18.32
18.2
18.54
18.42
18.23
18.38
18.32
18.23
18.48
18.26
18.31
18.33
18.61
17.95
18.3
18.5
17.88
18.19
18.46
18.54
18.19
17.97
18.13
18.25
17.54
18.24
18.16
18.08
18.06
17.99
18.13
18
17.75
18.25
18.06
18.07
18.23
17.97
18.2
18.18
18.05
18.07
17.97
18.18
17.94
18.1
18.36
18.41
18.13
17.78
18.14
18.58
18.3
18.13
18.09
18.28
18.03
17.93
18.38
18.18
18.37
18.26
18.33
17.71
17.88
18.29
18.04
18.33
18.53
18.68
18.64
18.34
18.38
18.18
18.21
18.39
18.19
18.7
18.54
18.22
18.15
18.51
18.26
18.44
18.84
18.19
18.28
18.21
18.01
18.41
18.51
18.28
18.48
18.56
18.29
17.92
18.52
18.22
17.94
18.19
17.9
18.15
17.93
18.53
18.15
18.13
18.16
17.97
18.41
18.21
18.11
18.12
18.24
18.3
18.24
18.02
18.48
18.18
18.7
18.11
18.45
17.9
18.09
18.36
18.04
18.07
18.2
18.56
18.51
18.11
18.05
18.34
18.32
18.18
18.06
18.18
17.61
18.06
18.37
18.33
18.15
18.03
18.4
18.16
18.38
18.15
18.11
18.4
18.37
18.55
18.09
18.11
18.4
17.87
18.13
18.03
18.17
17.8
18.09
18.13
18.19
18.14
18.34
18.61
17.95
18.01
18.25
17.83
18.1
18.22
18.73
18.04
18.42
18.74
18.49
18.06
18.43
18.23
18.21
17.78
18.6
18.52
17.95
18.19
18.29
18.23
18.37
18.35
18.16
18.33
18.23
18.3
18.26
17.93
17.98
18.12
18.25
17.93
18.37
18.31
17.94
18.23
18.11
18.22
18.35
18.62
18.51
18.2
18.24
18.33
18.61
18.38
18.01
18.11
18.67
18.65
18.32
18.66
18.58
18.2
18.49
17.9
18.57
18.63
18.17
18.21
18.21
18.22
18.36
18.59
18.19
18.5
18.26
17.78
18.65
18.24
17.92
18.37
18.37
18.42
18.47
18.2
18.04
18.69
18.77
18.96
18.12
18.36
18.3
18.74
18.44
18.66
18.5
18.42
18.22
18.33
18.64
18.11
18.08
18.51
18.43
18.35
18.51
18.28
17.92
18.29
18.1
18.19
18.41
17.96
18.56
18.19
17.76
18.08
18.45
17.89
18.13
18.29
18.23
18.23
18.32
18.21
18.32
18.21
18.22
18.13
18.12
18.11
18.04
18.25
18.28
18.05
17.96
18.16
18.53
18.61
17.93
18.15
17.99
17.99
18.19
18.67
18.24
18.05
18.34
17.93
18.11
18.38
18.44
18.34
18.76
18.39
18.1
18.07
18.21
18.3
18.46
18.27
18.3
18.09
17.98
18.46