X
9.426
9.433
8.794
8.866
9.219
9.23
8.996
8.901
9.07
9.252
9.409
8.922
9.125
9.003
9.519
9.082
9.046
9.008
9.324
8.898
9.006
8.837
8.992
8.841
8.657
9.399
9.246
8.728
9.297
9.223
9.373
9.691
9.169
9.121
8.718
9.042
8.682
9.324
8.9
9.579
9.103
9.124
9.375
9.242
8.776
8.938
8.789
9.571
9.172
9.151
9.492
9.284
8.848
9.402
8.908
9.023
8.838
8.981
8.641
9.079
9.161
8.846
8.795
8.715
9.144
9.256
8.813
9.397
8.982
9.232
9.233
9.326
9.364
9.374
9.243
9.001
9.41
9.013
9.144
9.375
9.393
9.256
9.394
9.217
9.076
9.089
9.008
8.965
9.081
9.133
9.077
9.193
9.067
8.813
9.161
9.594
9.284
8.837
8.951
9.449
9.274
8.927
9.02
9.114
9.176
8.905
9.086
9.278
9.155
9.057
8.908
9.222
8.95
9.027
8.669
8.944
9.206
9.536
8.985
9.435
8.889
9.326
9.243
8.763
9.231
9.028
9.044
9.077
9.053
8.768
9.162
9.268
9.344
9.179
8.92
8.978
9.142
9.003
9.356
9.394
9.148
9.128
9.249
8.913
8.839
8.85
9.049
9.231
9.209
9.285
9.21
9.185
9.391
9.03
9.017
9.27
8.79
8.796
9.061
8.959
8.745
8.721
9.123
8.822
9.166
9.005
8.793
9.068
9.291
9.087
8.855
9.038
9.237
9.058
9.207
9.303
8.897
9.444
9.172
9.526
9.113
9.293
9.075
9.237
9.335
9.342
8.971
8.895
8.726
8.746
9.438
9.02
9.198
9.095
8.968
8.882
9.322
9.179
9.479
9.177
9.134
9.169
9.373
9.455
9.078
9.335
9.088
9.707
9.351
9.016
9.386
9.146
9.29
9.037
9.582
9.566
9.221
9.144
9.212
8.691
9.002
9.405
9.077
9.566
9.147
9.445
9.283
9.188
9.223
9.205
8.945
8.963
9.317
9.367
8.923
9.038
9.154
8.984
9.01
9.22
8.937
8.907
8.875
8.677
9.33
9.37
9.44
9.165
9.061
8.882
9.181
9.191
9.306
9.143
9.008
9.069
9.105
9.433
9.105
9.23
9.433
9.044
9.2
8.95
9.189
9.292
9.512
9.258
9.25
9.404
9.069
9
9.08
9.426
9.001
8.942
9.584
9.389
9.364
9.108
8.966
8.815
9.06
9.279
9.172
9.333
9.22
9.042
9.103
9.129
9.068
9.203
9.349
9.107
9.026
9.201
8.993
8.731
8.988
8.921
8.966
9.119
9.059
9.272
8.969
9.13
9.029
9.607
9.108
8.873
8.369
8.912
9.178
8.719
8.847
8.961
9.054
8.989
9.157
8.68
8.811
8.999
9.103
8.672
9.346
9.001
9.049
8.908
9.045
9.221
9.31
8.753
8.943
8.737
9.339
8.709
8.951
9.022
8.685
8.512
8.678
9.039
8.993
9.05
8.998
9.48
8.597
9.309
8.851
9.077
9.142
8.836
8.79
8.996
9.112
8.645
9.21
9.003
8.703
8.92
8.484
8.927
8.521
9.292
8.98
9.127
8.573
9.237
8.75
8.933
9.173
8.819
9.321
8.776
8.98
8.987
9.267
8.893
9.361
8.769
8.893
8.876
9.133
8.993
8.877
9.03
8.645
8.968
8.94
9.066
9.256
9.231
9.152
9.443
9.023
9.041
8.977
9.347
9.347
9.147
9.096
9.33
9.289
9.448
9.017
9.056
8.987
8.977
9.629
8.777
9.365
8.919
8.927
9.072
9.294
9.506
9.189
9.316
9.174
9.398
8.805
9.145
9.179
8.897
9.102
9.072
9.293
9.065
9.064
9.124
9.51
8.997
8.93
8.755
9.081
8.644
8.916
9.468
9.493
9.022
8.787
9.094
8.915
9.275
9.309
9.307
9.065
8.7
8.612
9.127
9.085
8.766
9.403
8.99
8.902
9.009
9.095
8.883
8.854
9.075
8.82
9.002
8.67
9.397
9.178
9.151
8.645
8.907
9.241
8.856
9.422
9.325
9.097
9.128
8.923
8.683
9.023
9.182
9.145
9.107
9.187
8.948
9.294
8.98
9.235
9.515
9.113
9.073
9.353
9.101
9.017
8.86
9.121
9.384
9.169
9.131
9.271
9.403
9.12
9.055
9.183
9.296
8.559
9.36
9.04
9.375
9.057
8.745
8.978
9.193
9.194
9.594
8.883
9.354
9.518
9.025
9.695
9.006
8.984
8.835
8.92
9.299
9.334
8.692
9.354
9.301
8.891
9.088
9.284
8.876
9.292
9.192
8.979
9.069
9.539
9.211
9.404
9.555
8.835
8.475
8.878
9.234
8.855
8.983
9.243
9.253
8.915
9.444
8.979
9.324
9.533
9.139
8.743
8.792
9.457
9.396
8.913
9.06
9.577
9.104
9.595
9.407
9.237
9.529
9.276
9.439
9.192
9.519
8.922
8.941
9.188
8.749
9.576
8.877
9.393
8.82
9.183
9.408
9.126
9.228
9.278
9.141
9.202
9.434
9.141
8.806
8.565
9.516
9.021
9.391
9.184
9.213
9.366
9.138
9.484
8.983
8.898
9.456
9.118
8.964
9.073
9.34
9.2
9.261
9.204
9.249
8.918
9.65
9.29
9.325
9.474
9.048
9.157
8.825
8.967
9.343
8.845
9.368
9.357
9.376
8.996
9.069
9.472
9.085
9.006
9.073
8.679
9.212
9.235
9.452
9.025
8.796
8.984
9.011
9.337
9.157
8.951
8.857
9.119
9.408
9.064
9.129
8.948
8.964
9.209
8.529
9.157
8.929
9.548
9.203
9.368
9.126
9.531
9.88
9.327
8.981
9.071
9.351
8.936
9.555
9.42
9.412
9.082
8.817
9.377
9.263
8.543
9.269
8.946
8.791
9.282
8.917
9.335
9.244
9.119
8.851
8.54
9.221
9.19
9.017
8.895
8.938
9.239
9.28
8.948
9.626
8.905
9.133
8.89
8.867
9.358
8.812
8.951
9.03
9.112
9.028
8.827
9.068
9.156
9.201
9.01
9.226
9.67
9.127
9.266
9.255
8.999
9.153
9.037
8.883
9.081
9.171
9.012
8.843
9.025
8.975
9.139
8.974
9.019
8.868
9.283
9.162
9.498
9.153
8.846
9.031
9.028
8.81
8.864
9.302
8.718
8.799
9.311
9.035
9.085
9.029
8.702
8.976
8.909
8.988
9.205
9.445
9.254
8.905
8.736
8.756
9.236
8.857
9.286
9.026
9.263
9.038
9.415
9.263
9.401
9.201
9.119
8.997
9.492
8.908
8.972
9.397
9.017
9.313
9.136
8.984
9.31
8.772
8.932
9.03
9.159
9.096
9.156
9.262
8.985
9.214
9.246
9.4
9.368
8.61
9.102
8.839
9.18
9.088
9.16
9.33
8.9
8.931
9.195
8.987
9.249
8.898
8.814
9.506
8.982
9.181
9.128
8.919
9.158
8.945
9.273
8.677
9.274
9.137
9.13
8.821
9.16
9.197
9.14
8.776
8.928
9.083
9.229
8.907
9.401
9.497
9.192
8.844
8.89
9.615
9.245
8.713
8.886
9.44
9.266
9.16
8.755
9.258
8.569
9.317
8.948
8.879
9.164
9.145
9.085
9.129
9.326
9.176
9.26
9.279
9.304
8.965
9.163
9.182
9.536
9.289
8.991
9.375
9.153
8.513
8.861
8.854
8.736
9.324
9.324
9.086
9.333
9.027
9.37
8.557
8.64
8.757
9.123
9.403
8.934
9.355
9.387
9.205
9.385
9.109
9.063
9.25
9.002
9.486
9.069
9.405
8.643
8.905
9.046
9.25
9.241
9.156
8.903
9.55
8.924
9.279
9.582
8.808
8.884
8.963
9.118
9.241
9.035
9.182
9.116
9.24
8.95
8.961
8.846
8.967
9.279
8.974
9.17
9.306
8.971
9.124
9.409
9.268
8.987
8.897
8.973
9.095
9.206
8.985
9.243
9.064
8.999
9.636
8.968
8.848
9.049
8.726
8.612
8.815
9.441
9.127
9.191
9.265
9.079
8.89
8.866
9.027
8.916
9.185
9.38
9.47
9.299
9.037
9.165
8.793
8.748
9.15
9.147
9.191
8.916
9.207
9.381
9.264
8.682
9.006
8.831
9.039
9.24
9.152
9.312
8.757
9.147
9.306
9.031
9.004
8.652
9.201
8.932
9.119
9.246
9.271
8.523
8.91
9.072
9.23
9.412
9.263
9.002
9.689
9.281
9.047
8.795
9.021
9.383
8.908
9.15
8.842
9.571
8.963
9.455
9.251
8.915
9.139
9.048
9.366
9.104
8.917
9.039
9.363
9.231
9.366
9.511
8.84
8.995
9.087
9.104
8.681
9.022
8.749
8.945
9.361
8.744
9.002
9.243
8.817
8.722
8.989
9.257
9.248
9.179
9.111
8.982
8.727
9.414
9.091
8.846
9.046
9.228
9.139
9.236
9.525
8.994
8.856
8.936
8.936
8.939
9.133
9.214
9.016
9.532
8.834
8.797
9.25
9.191
8.834
8.974
8.877
9.01
9.008
8.663
8.786
9.106
8.782
9.01
8.841
9.449
8.904
9.333
8.731
9.475
8.766
9.229
9.093
9.208
8.913
9.125
9.035
8.627
9.197
9.422
9.105
8.244
9.01
9.487
8.907
8.889
9.254
9.02
9.169
9.044
8.834
9.294
8.951
9.281
9.033
8.896
8.992
9.154
9.025
9.113
9.49
8.959
8.937
8.626
9.259
9.13
8.839
8.766
9.218
9.315
9.015
9.136
9.029
8.859
9.176
8.885
8.845
8.875
9.15
9.488
9.006
8.912
9.069
8.867
8.947
9.327
8.634
9.619
8.949
9.217
9.218
9.205
9.021
8.904
9.151
8.809
9.136
9.135
9.106
9.257
9.004
9.069
8.856
9.127
8.712
9.088
9.254
9.544
8.585
8.927
9.207
9.14
8.695
8.314
8.768
9.079
8.884
8.618
8.959
9.101
8.976
9.032
8.826
8.906
9.099
9.26
9.268
8.8
9.454
8.709
9.076
9.162
9.142
9.213
8.896
9.228
9.197
9.199
8.443
8.903
9.117
8.952
8.977
8.418
8.989
8.883
9.183
9.082
9.149
8.79
8.855
9.027
8.969
8.947
8.551
8.857
8.954
9.114
8.892
8.993
9.49
8.862
8.492
8.598
8.937
8.794
9.226
9.039
8.9
9.343
9.3
9.366
9.046
8.856
8.498
8.548
9.082
9.135
9.89
9.329
9.066
9.01
8.611
8.887
9.229
9.209
8.962
9.338
9.199
8.744
9.189
9.018
9.032
9.216
9.178
9.055
9.144
8.886
8.89
8.837
8.715
8.991
9.317
8.618
9.271
8.759
8.387
9.012
9.092
9.198
9.053
9.304
9.268
9.366
9.21
9.657
8.977
8.875
8.598
9.05
9.171
8.744
9.146
9.079
9.025
9.029
9.037
9.484
8.938
8.967
9.203
8.674
9.134
9.248
9.339
8.824
8.817
8.804
8.801
8.998
8.802
8.533
8.883
9.248
9.181
8.718
9.346
8.597
8.657
9.01
9.082
8.582
8.989
9.301
8.912
8.646
9.585
9.289
9.154
8.934
9.384
8.971
9.067
9.268
9.272
9.292
9.398
9.239
8.816
9.061
8.972
9.224
9.199
8.931
8.716
9
8.824
9.273
9.131
9.082
8.808
9.159
9.124
8.872
8.799
8.864
8.64
9.163
9.052
8.944
9.338
8.981
8.731
8.94
9.079
8.791
8.691
8.636
9.297
9.376
9.215
9.056
8.771
8.594
9.024
9.146
9.106
8.714
9.069
8.808
8.839
8.514
9.115
8.575
9.059
8.903
9.052
9.237
9.08
9.139
9.267
9.489
8.989
8.754
8.937
8.922
8.868
9.012
9.049
9.169
9.131
9.049
9.426
9.236
8.931
9.003
9.063
8.994
9.052
9.258
9.073
9.326
9.017
9.091
9.117
8.863
9.17
8.741
8.906
8.663
9.427
8.991
8.872
8.733
8.893
8.839
9.025
8.994
8.842
9.083
8.85
8.837
8.934
9.028
8.803
9.166
9.47
8.996
8.987
9.02
8.978
8.858
9.071
9.375
8.922
9.333
8.865
8.532
8.992
8.95
9.301
8.923
9.041
9.339
9.379
8.979
9.397
8.545
8.821
8.941
8.896
8.943
8.492
9.128
8.981
9.22
8.911
9.179
9.175
8.721
8.743
8.943
8.721
8.926
8.875
8.95
8.814
8.974
8.761
8.669
8.845
8.746
8.671
8.569
9.524
9.236
8.86
8.899
9.358
8.704
8.748
9.12
9.02
9.17
9.375
9.094
8.911
9.289
8.829
9.232
8.745
8.957
8.953
8.913
9.104
9.226
9.013
8.957
8.996
9.396
9.054
8.916
8.973
9.393
9.225
8.893
9.096
9.35
9.038
9.005
8.968
9.073
9.209
9.149
8.858
8.887
9.248
8.938
9.21
9.292
8.55
8.847
9.222
9.025
9.068
8.975
8.924
9.309
9.439
9.209
8.937
9.093
9.343
8.738
9.489
9.26
9.121
8.882
9.335
9.238
8.896
9.206
9.209
8.906
9.496
8.867
9.193
9.373
8.771
9.372
9.262
9.154
8.949
8.967
9.189
9.149
9.043
8.621
9.214
9.423
8.994
9.019
9.277
8.851
9.448
8.27
8.813
9.243
9.591
8.94
8.895
9.125
8.9
9.046
8.938
9.313
9.081
9.29
9.316
9.676
9.056
9.285
8.696
8.957
9.136
8.905
9.08
9.147
9.37
9.306
9.258
9.243
9.102
9.222
9.255
9.194
9.125
8.655
8.985
9.087
9.34
9.245
9.216
9.034
8.775
8.713
9.299
9.486
9.177
9.134
9.226
9.634
9.049
9.19
8.978
8.708
8.607
9.061
9.365
8.84
9.189
9.031
9.119
8.999
9.187
8.975
8.972
9.14
8.885
9.288
9.437
9.064
8.84
9.125
8.986
9.189
8.612
9.487
9.363
9.18
8.955
9.422
9.276
8.879
9.392
8.996
9.133
9.029
8.826
9.139
9.086
9.317
8.811
9.095
9.172
9.399
9.195
9.073
9.186
8.838
8.829
9.005
9.659
9.086
9.12
9.336
9.212
8.972
9.324
8.895
9.294
9.287
8.973
9.392
9.118
9.161
9.326
9.398
9.055
9.311
8.804
9.567
9.529
9.149
9.378
8.815
9.043
9.323
8.826
9.283
9.317
9.167
9.195
9.306
9.271
8.955
9.512
9.202
9.023
9.149
9.162
8.986
8.669
8.884
9.22
8.969
9.274
9.279
8.954
9.046
8.509
9.104
9.307
8.98
9.441
9.343
9.157
9.227
8.992
9.04
8.303
9.05
8.936
9.181
9.238
8.981
9.215
8.915
9.096
9.676
9.147
9.024
9.263
9.365
9.077
9.133
9.144
9.35
9.186
8.95
9.103
9.492
9.088
9.266
9.359
9.342
9.289
9.138
9.32
9.301
9.367
9.173
9.08
9.064
9.606
9.633
9.408
9.123
9.521
9.631
8.882
9.016
9.013
9.359
9.528
9.127
9.119
9.454
9.509
9.119
9.345
9.178
9.397
9.52
9.638
9.887
9.459
9.15
9.562
9.34
9.396
9.823
9.388
9.459
9.263
9.338
9.293
9.221
9.457
9.663
9.295
9.197
9.172
9.225
9.597
9.528
9.318
9.188
9.444
9.223
9.31
9.044
8.842
9.4
9.589
9.39
9.286
9.33
9.598
9.182
8.972
9.067
9.407
9.127
9.507
9.419
9.34
9.214
9.775
9.324
9.071
9.031
9.17
9.359
9.022
9.204
9.141
9.146
9.037
8.851
8.638
9.318
8.845
9.226
9.601
8.922
9.042
9.108
9.359
8.701
8.924
8.943
8.836
9.125
8.862
9.275
9.123
9.034
9.072
9.19
8.844
9.147
9.315
9.172
9.228
9.034
9.115
8.809
9.087
9.13
8.932
9.393
8.988
9.233
8.776
8.852
8.552
9.17
9.062
9.006
8.96
8.578
8.932
9.338
9.389
8.887
9.268
8.853
8.967
9.045
9.275
8.829
8.735
8.548
9.028
8.913
9.204
8.947
9.094
8.793
8.613
9.088
8.792
9.046
9.166
8.656
8.908
9.21
9.167
9.272
8.77
9.135
8.705
8.943
9.012
9.33
9.418
9.402
8.977
9.347
9.22
9.196
9.46
9.175
9.074
9.353
9.282
9.261
9.213
8.983
9.064
9.231
9.129
9.53
8.993
8.845
9.07
9.058
9.099
9.059
9.01
9.266
9.39
9.686
9.215
9.152
9.317
9.258
8.806
9.497
9.179
8.824
9.073
9.304
8.966
8.447
9.647
8.87
9.039
8.741
9.153
9.149
9.268
9.374
9.014
9.203
9.005
8.949
9.018
9.082
8.965
9.056
8.854
9.172
9.301
8.936
9.213
9.264
9.072
8.96
9.028
9.156
8.871
9.569
8.722
9.163
9.023
9.014
9.229
8.997
9.116
9.174
9.017
9.141
9.23
9.038
9.07
8.966
9.079
8.819
9.149
8.972
9.357
8.745
9.117
9.198
9.112
8.224
8.926
9.082
9.221
8.584
9.145
8.721
9.213
8.798
8.713
9.141
8.966
9.177
9.1
9.142
8.854
8.971
9.073
8.932
9.097
8.688
9.222
9.37
8.878
9.107
9.032
8.267
9.069
8.801
8.818
8.703
8.814
9.016
8.869
9.037
9.142
9.05
9.101
8.754
9.016
9.328
9.219
8.798
8.86
8.823
9.108
9.185
9
9.141
9.258
8.478
8.766
8.976
8.785
9.158
9.097
9.084
9
8.957
8.895
8.829
9.145
9.177
9.011
9.448
9.345
8.826
8.674
9.054
9.167
9.168
9.373
9.132
9.057
9.087
9.038
9.419
9.01
9.064
9.327
9.189
8.772
9.079
8.997
9.012
8.844
9.491
9.436
9.281
9.105
8.949
9.307
9.181
9.303
9.084
8.901
9.368
9.442
9.35
8.94
9.222
8.952
9.644
9.076
9.278
8.83
9.15
9.059
8.898
9.138
9.329
9.001
9.219
9.512
9.244
9.055
9.476
9.517
9.063
9.037
8.627
8.707
9.376
8.986
9.54
9.402
8.984
8.859
9.059
9.152
9.06
9.761
9.093
9.068
9.145
9.481
9.368
8.848
8.629
9.39
9.24
8.787
8.934
8.936
9.014
8.889
8.613
9.158
9.109
8.969
9.233
9.441
8.839
8.746
8.892
8.959
9.324
8.847
9.32
8.713
9.093
9.017
9.192
9.398
8.869
9.111
9.452
9.187
8.916
8.767
8.897
8.882
9.341
9.114
8.944
8.726
9.021
8.926
9.151
9.056
9.1
8.592
9.058
9.035
8.486
8.867
9.271
8.84
9.043
9.108
9.152
8.869
9.015
8.929
8.728
8.908
8.959
9.314
9.067
8.778
8.897
8.929
8.831
8.78
8.617
9.236
9.204
9.371
9.03
8.945
9.073
9.251
8.982
9.491
9.599
9.392
9.118
8.988
8.849
9.353
9.143
9.393
9.279
9.101
9.055
9.191
9.046
9.199
8.834
9.133
9.276
9.246
9.089
9.332
9.109
9.028
9.058
9.447
9.115
9.032
9.192
9.291
9.056
9.114
9.245
9.105
8.916
8.863
9.186
9.4
9.311
9.026
9.052
9.391
9.02
9.41
8.469
9.026
9.207
9.198
9.64
9.502
9.301
8.93
9.259
9.152
9.15
9.438
9.169
8.979
9.133
9
9.057
9.412
9.06
9.267
9.182
8.773
8.952
8.958
9.132
8.757
9.316
8.941
9.312
9.06
9.067
9.265
9.05
8.799
9.121
8.846
8.758
9.249
9.186
9.343
9.051
9.307
8.915
9.012
9.29
8.967
9.014
9.241
9.204
9.16
9.047
9.06
9.129
8.952
8.978
8.753
9.33
9.215
9.613
9.17
9.381
9.174
9.122
9.272
8.707
9.055
9.658
9.311
8.95
9.085
9.078
8.821
8.786
9.363
9.071
8.821
9.238
9.278
8.517
9.267
9.511
9.25
9.511
8.884
9.07
9.148
9.12
9.227
9.266
8.991
8.986
9.235
8.978
8.738
9.29
8.938
9.265
9.311
8.988
9.09
9.226
9.012
9.044
8.606
8.967
8.988
8.931
9.071
8.985
8.739
8.953
9.54
9.518
8.851
9.327
8.89
9.227
9.536
8.818
8.878
9.37
9.139
9.394
9.399
9.175
8.643
9.131
8.781
8.725
9.393
8.873
8.807
9.225
9.588
9.182
8.942
8.674
9.372
8.541
9.18
8.971
8.885
9.19
9.374
9.386
8.459
9.134
8.731
9.34
8.928
8.894
8.908
9.662
9.215
8.9
9.579
8.727
8.868
8.898
9.052
9.143
9.008
9.068
9.083
8.73
8.755
9.301
9.322
8.747
9.138
9.112
8.886
9.156
8.968
9.547
8.845
9.099
9.154
9.006
8.828
9.084
9.012
9.18
9.233
9.156
9.026
9.207
9.195
9.193
9.001
9.044
8.664
9.213
9.208
9.015
8.779
9.078
8.97
9.201
9.151
8.936
9.166
8.921
9.102
9.135
9.767
9.055
9.365
8.957
8.672
9.15
8.86
9.361
8.641
8.942
9.294
8.595
8.882
9.318
8.794
9.124
9.212
8.959
8.834
9.343
9.113
9.247
9.224
8.746
8.858
8.85
9.247
9.029
8.948
9.157
9.105
9.183
8.839
9.132
8.784
9.014
8.929
9.122
8.929
9.12
9.188
9.125
8.952
9.454
9.231
9.188
9.383
9.077
8.938
8.993
9.368
9.372
8.968
9.343
9.145
9.216
9.068
8.73
9.144
8.835
9.064
9.03
9.087
8.974
8.838
9.244
9.075
8.81
9.235
8.902
9.34
9.506
9.268
9.279
9.478
9.296
9.014
9.309
9.155
9.245
9.273
9.485
9.128
8.708
9.392
8.957
9.124
8.759
9.238
9.213
9.382
9.452
8.927
8.587
8.863
8.952
8.995
9.271
8.879
8.947
9.117
9.398
9.251
8.911
9.137
9.371
8.908
9.271
9.148
8.999
8.915
9.499
9.551
9.194
9.34
9.098
9.288
9.229
9.497
9.146
9.391
9.515
9.218
9.612
8.876
9.035
9.577
9.217
9.485
8.802
9.51
9.003
9.672
8.992
8.903
8.952
9.156
8.72
9.404
9.125
9.567
9.281
8.888
9.147
8.852
9.312
9.034
9.175
9.251
8.908
9.322
9.385
9.213
8.896
9.221
9.2
9.077
9.229
9.223
9.462
9.048
9.436
8.882
9.583
9.174
9.229
9.093
9.304
8.989
8.608
9.482
8.926
8.978
8.926
8.953
9.205
9.064
9.208
9.516
9.535
9.36
9.156
8.876
9.142
9.067
9.005
8.663
9.087
8.983
8.841
9.309
9.211
9.037
9.267
9.339
8.838
8.858
9.028
8.629
9.441
8.897
9.067
8.947
9.224
8.965
8.704
8.705
9.05
8.968
9.42
9.636
9.181
9.398
9.444
9.06
9.223
8.98
9.277
9.168
9.16
8.894
9.302
8.553
9.124
8.706
8.674
8.879
8.808
9.023
8.977
9.09
9.383
9.307
8.859
9.095
9.16
8.985
8.85
8.853
8.655
9.108
9.513
8.876
9.218
8.875
8.668
8.883
8.844
9.09
8.885
8.997
9.214
9.458
8.645
8.576
8.889
8.853
9.26
8.948
8.652
8.639
9.039
9.372
8.84
8.879
8.518
8.736
9.109
8.833
9.328
8.778
8.985
8.758
8.688
9.251
9.121
8.562
9.244
9.066
8.907
9.031
8.705
8.976
8.955
8.937
9.066
8.573
8.968
9.069
9.153
8.906
8.852
8.633
9.102
8.764
8.644
8.589
8.972
9.276
9.097
9.037
9.012
8.676
9.208
9.4
8.838
8.589
8.919
8.968
9.251
8.887
9.39
8.535
8.675
8.969
8.629
9.001
8.817
9.076
8.811
8.731
9.004
9.142
8.934
9.054
9.118
9.114
8.777
9.119
9.161
9.436
9.158
8.713
8.884
9.392
8.749
9.009
9.284
9.065
8.665
8.946
9.375
9.216
8.919
9.055
9.286
9.088
8.93
9.089
9.127
9.284
9.293
9.158
8.975
8.995
9.344
9.224
9.002
9.083
8.907
8.821
9.225
8.682
8.936
8.532
8.734
9.234
8.842
8.454
9.174
8.841
9.377
9.053
8.876
8.639
9.442
8.948
8.81
8.908
8.992
8.882
9.316
9.145
9.156
9.282
8.822
9.17
8.838
9.222
8.656
9.221
9.229
9.19
8.966
9.151
9.129
9.081
8.857
8.58
9.512
9.562
8.73
9.189
9.23
9.353
8.856
8.868
8.968
8.763
9.246
9.092
9.484
9.033
9.462
8.848
9.169
8.89
9.205
9.101
9.613
9.091
8.823
8.942
8.527
9.287
8.878
9.158
9.041
8.825
8.811
8.698
9.038
9.165
9.269
9.155
9.069
9.044
9.327
9
8.906
9.016
9.135
9.042
8.961
9.042
9.113
8.726
9.311
9.181
9.03
8.824
9
8.765
9.26
8.717
8.827
9.254
8.799
8.944
8.823
9.231
8.67
8.867
8.59
8.842
9.304
9.099
9.067
9.046
8.673
8.935
8.976
8.904
9.046
9.002
9.095
9.18
8.922
9.084
8.758
8.925
8.846
9.084
9.163
8.743
8.849
9.182
9.188
8.718
8.945
8.85
8.714
8.877
8.813
9.182
8.941
8.834
8.829
9.073
8.554
9.211
9.055
9.08
8.645
8.692
8.469
8.723
8.975
8.869
8.685
8.803
9.286
9.099
9.587
9.329
8.847
8.686
9.291
9.218
9.11
9.13
9.347
9.336
9.305
9.145
9.07
9.423
8.659
9.114
9.394
8.767
9.268
8.845
8.991
9.119
8.7
8.874
9.215
9.242
9.436
9.553
9.522
9.278
9.042
9.069
9.023
9.133
9.272
9.45
8.964
8.958
8.991
9.246
9.337
8.924
9.246
9.001
8.996
9.01
9.229
9.435
9.358
9.272
8.992
9.161
8.779
9.099
9.161
9.178
9.091
9.405
9.337
9.03
9.39
8.812
9.174
9.123
9.07
9.098
9.326
9.272
9.172
9.221
9.368
9.203
9.076
8.826
9.428
9.338
8.717
9.058
8.86
9.024
9.088
8.98
9.337
9.029
9.36
9.134
9.04
9.486
9.347
9.588
9.458
9.108
8.964
8.997
9.339
8.834
9.059
9.163
8.82
8.853
9.328
9.684
8.713
8.991
9.068
8.745
8.945
8.792
9.413
9.186
8.876
9.389
9.312
9.119
8.884
9.051
9.261
9.226
9.064
9.212
9.187
9.103
9.269
9.148
9.173
8.97
9.152
9.013
8.905
8.934
9.299
9.139
9.236
9.065
9.067
9.042
9.361
9.181
8.641
8.89
8.843
9.211
9.291
8.837
8.953
8.957
8.624
8.856
9
9.073
8.918
9.08
9.147
8.825
9.206
8.842
8.654
8.733
8.752
8.896
8.989
8.952
9.228
9.154
8.916
9
9.166
8.687
8.603
8.842
9.008
9.149
9.306
8.897
9.381
8.942
8.812
8.849
9.141
9.208
8.799
8.832
8.77
8.841
9.322
9.53
9.111
9.201
9.542
8.754
9.233
8.976
9.338
9.139
9.223
9.107
9.151
9.492
9.536
9.094
9.095
9.048
9.19
9.075
9.344
9.11
9.076
8.67
9.643
9.2
9.521
9.272
9.237
9.516
9.047
9.474
9.185
9.264
9.209
8.931
9.34
9.335
9.041
9.205
9.642
9.198
9.292
9.262
8.769
9.045
8.967
9.266
9.23
9.688
9.345
9.172
8.968
9.175
8.748
9.071
9.439
8.666
9.15
9.207
9.204
9.126
9.103
9.132
9.028
9.116
9.088
9.05
8.877
9.348
8.841
9.334
9.592
9.184
9.115
9.059
9.081
9.033
9.021
8.9
8.957
8.828
9.287
8.998
9.165
8.876
9.65
9.284
9.683
9.362
8.952
9.224
9.099
9.046
9.253
9.183
8.948
8.846
9.239
9.141
9.107
8.571
9.131
9.147
8.853
9.107
8.793
8.862
9
9.213
9.513
9.452
9.37
9.051
9.322
9.356
8.971
8.888
8.951
9.467
8.861
9.039
8.938
9.005
8.705
9.075
9.021
9.026
9.221
9.031
8.914
8.997
9.431
9.07
9.004
8.981
9.01
9.135
8.681
8.934
8.592
8.89
8.86
8.91
9.023
9.272
9.051
9.12
9.251
9.206
9.14
8.883
8.992
8.945
9.167
9.217
8.958
9.028
8.557
8.927
8.823
8.968
9.154
8.685
8.863
8.966
8.976
9.078
8.827
9.019
9.118
8.379
9.017
9.191
9.057
8.61
9.176
8.823
9.172
9.273
9.086
9.106
8.692
9.104
8.563
8.934
9.064
8.857
9.059
8.872
9.292
9.083
9.095
8.772
8.802
9.234
8.648
8.854
8.65
8.973
8.776
8.895
8.613
9.14
8.966
9.174
8.94
8.134
9.01
8.638
9.278
9.053
8.704
8.934
8.739
9.089
9.445
9.218
9.091
9.403
8.931
8.717
8.601
8.503
8.897
9.101
9.038
8.968
8.892
9.04
8.678
8.933
9.164
9.095
9.063
9.258
8.656
9.095
8.973
8.919
9.152
8.554
9.043
9.133
9.171
9.304
9.131
9.348
9.104
9.014
9.036
9.004
9.414
8.597
9.239
8.975
8.824
8.968
8.78
9.087
9.145
8.552
9.423
9.419
9.251
8.713
9.365
9.46
8.881
9.254
9.438
8.893
9.076
9.121
9.054
8.676
9.77
9.081
8.91
9.08
8.726
9.159
9.586
9.471
9.361
8.837
9.032
8.727
8.785
9.421
9.278
9.061
9.025
9.125
9.255
8.669
9.031
9.124
9.331
9.141
9.55
9.365
9.274
9.492
8.859
9.333
9.063
9.242
9.474
9.227
9.479
9.206
8.617
9.145
9.019
8.776
9.17
9.505
9.529
9.712
9.297
9.393
9.064
9.168
9.102
8.923
9.202
9.579
8.566
9.035
8.833
9.077
9.102
9.373
9.094
8.626
8.964
9.04
9.179
9.766
9.149
9.439
9.198
9.155
8.635
9.055
9.193
9.233
9.179
8.701
8.53
9.111
9.1
8.735
8.795
9.042
9.106
9.008
9.273
8.948
8.699
9.007
8.847
9.126
8.693
9.227
8.977
8.649
8.662
8.926
9.159
9.252
8.862
9.363
9.214
9.049
9.171
9.157
9.009
8.847
8.894
8.623
8.909
8.494
9.199
8.888
8.701
8.945
9.214
8.859
8.851
8.754
8.882
8.935
9.132
9.092
8.858
9.036
9.067
9.463
9.156
9.081
9.136
8.667
8.749
9.115
9.212
9.088
9.2
9.394
9.04
9.278
8.889
8.757
9.193
8.934
9.099
9.073
8.623
9.26
9.37
8.678
9.067
9.183
9.039
8.71
8.79
9.257
9.329
8.957
9.071
9.093
8.689
8.861
8.841
9.21
8.6
9.256
9.156
9.163
8.999
8.89
8.817
8.979
8.832
9.188
8.825
9.637
8.945
9.329
9.409
9.295
8.88
9.135
8.938
9.135
9.103
8.814
9.09
9.089
8.865
9.058
9.584
9.236
8.652
8.845
9.206
9.423
8.931
8.966
8.98
8.988
8.989
8.916
8.861
8.591
9.1
9.037
9.197
8.974
9.441
9.517
9.266
9.111
9.068
8.853
8.681
9.165
8.91
9.133
8.721
9.227
8.94
8.92
9.161
8.961
8.619
8.518
8.492
8.78
8.938
8.962
8.969
9.31
8.853
9.694
9.411
9.032
9.498
9.083
9.376
8.639
9.145
8.896
9.379
9.348
9.47
9.1
9.185
9.24
8.976
9.065
9.67
8.836
8.997
9.197
9.15
9.317
9.223
9.598
9.538
9.435
9.475
8.791
9.051
9.605
9.164
9.248
9.346
9.292
9.436
9.03
9.262
9.605
9.156
9.076
9.437
9.332
9.358
8.925
9.536
8.988
9.553
9.305
9.262
9.118
9.177
9.463
9.233
8.898
8.94
9.152
8.836
9.391
9.418
9.478
9.299
9.271
9.665
8.994
9.174
9.603
8.673
9.237
9.348
9.205
9.375
8.933
9.236
9.11
8.979
8.955
9.592
9.435
9.347
9.41
9.27
9.124
9.035
9.191
9.291
9.567
8.999
8.934
9.223
9.1
8.912
9.611
8.876
9.37
8.872
8.661
9.2
9.557
9.167
9.389
9.191
9.129
9.078
8.925
9.298
9.687
8.822
8.972
9.435
8.97
9.186
9.429
9.457
9.426
9.006
9.249
9.321
9.485
9.072
9.342
8.702
9.024
8.863
9.276
8.871
9.054
9.334
9.053
9.63
9.351
9.152
9.124
9.272
8.809
9.242
9.225
9.183
9.401
9.238
9.524
9.079
9.217
9.069
9.047
9.304
8.634
9.167
9.382
9.457
9.373
9.174
9.398
9.302
9.27
9.397
8.957
9.251
9.238
9.154
9.078
9.359
9.242
9.299
9.17
9.016
8.966
9.345
9.041
9.725
9.2
9.133
8.929
8.825
8.957
9.417
9.123
9.414
9.606
9.193
9.059
8.887
9.286
9.319
9.332
9.389
9.593
9.091
8.931
9.463
9.098
9.155
8.969
8.97
9.193
8.996
9.302
9.02
8.862
9.005
8.715
8.866
8.908
8.905
8.899
8.858
8.733
9.423
9.048
9.146
8.988
8.884
9.133
8.848
8.794
9.396
8.787
8.924
8.744
9.07
9.191
8.973
8.559
9.301
9.366
9.448
9.299
9.083
9.428
9.139
8.916
8.861
8.832
9.321
8.872
9.092
9.188
9.007
8.812
9.108
9.052
9.386
8.929
8.497
8.838
8.971
9.233
8.688
9.028
8.776
8.688
8.786
9.035
8.909
9.143
8.719
8.733
9.145
8.949
8.881
8.678
9.247
8.958
8.735
8.774
8.831
8.876
8.603
8.724
8.872
8.931
9.067
8.959
9.383
8.592
9.07
9.072
8.739
8.963
8.966
9.193
8.723
8.821
8.937
9.015
8.557
9.084
9.017
8.878
8.448
8.53
8.916
9.302
9.063
8.833
8.818
9.183
8.842
9.107
8.9
9.145
9.246
8.968
9.431
8.844
8.846
8.866
8.838
9.207
8.86
8.964
8.856
8.786
9.384
8.875
8.686
8.988
8.965
9.191
9.091
8.834
9.368
9.173
8.822
9.055
8.888
9.235
8.814
8.734
8.826
8.601
8.838
9.111
8.885
8.927
8.883
9.205
9.099
9.221
9.441
8.881
8.958
9.185
9.194
9.229
9.189
8.846
8.769
9.312
8.709
8.781
8.794
8.715
9.066
8.781
9.034
8.9
8.807
8.857
8.858
9.028
9.395
9.307
9.292
9.092
9.017
9.205
9.298
8.976
8.875
9.178
9.643
8.741
8.842
9.209
9.067
9.152
9.394
8.728
8.71
9.248
9.432
9.137
8.873
9.181
8.912
9.186
8.764
9.121
8.775
8.849
9.513
9.173
8.623
8.552
8.566
8.987
9.097
8.661
9.243
8.918
9.308
8.521
8.712
9.063
8.979
9.242
9.321
9.366
8.905
9.078
8.739
8.882
9
9.401
9.493
8.747
8.675
9.322
9.226
8.759
9.157
9.185
9.304
9.058
9.116
8.653
8.812
8.44
9.113
8.881
9.084
9.136
9.094
9.473
9.264
9.08
9.084
8.876
9.089
9.87
9.035
9.319
9.153
8.924
8.977
9.019
9.124
9.16
9.215
9.21
8.798
9.052
9.374
9.261
8.98
9.02
8.926
9.246
9.075
9.04
9.235
9.509
8.97
8.885
9.11
9.275
8.694
8.947
8.935
9.038
9.007
9.371
9.058
8.91
9.015
9.033
9.378
8.547
8.82
8.782
8.927
9.285
8.843
8.735
8.852
8.581
9.001
8.527
9.103
8.945
8.617
9.407
9.245
9.063
9.118
8.788
9.109
9.256
9.091
8.955
8.478
8.748
9.016
9.121
9.242
9.139
9.201
9.246
9.16
9.156
9.259
9.139
9.261
9.275
9.094
9.275
9.475
9.122
9.392
9.072
9.234
9.381
9.219
9.316
8.736
8.905
8.718
9.299
8.675
9.163
9.069
9.621
9.416
9.573
9.534
9.302
9.258
8.824
9.13
9.267
9.216
9.068
9.164
9.415
9.156
9.253
8.938
9.38
9.269
8.888
9.305
9.176
9.421
9.361
9.139
9.018
8.73
9.632
8.822
9.136
8.954
8.892
9.609
9.458
9.136
9.156
8.483
9.129
9.214
8.876
9.034
9.186
9.175
9.565
9.321
9.362
9.201
8.992
9.178
9.389
9.518
8.823
9.188
9.294
9.455
9.481
8.933
9.286
8.859
8.836
8.926
8.94
9.035
9.24
9.079
9.269
8.887
8.702
9.23
8.925
9.187
9.424
8.734
9.15
9.09
9.081
9.034
8.848
9.016
9.131
8.966
9.647
9.136
8.554
9.455
9.196
8.818
9.135
8.765
9.214
9.154
8.961
8.944
9.502
8.985
9.089
8.891
9.085
9.243
8.879
9.332
9.116
9.018
9.215
9.372
9.179
8.81
8.567
8.417
9.107
9.17
8.425
9.031
9.091
8.938
9.026
9.118
9.062
8.781
9.288
9.161
9.168
9.384
9.012
8.652
9.161
9.149
9.687
9.553
9.296
9.277
8.973
8.881
9.179
8.995
9.058
9.173
9.179
9.185
9.522
9.147
9.331
9.35
9.139
9.208
9.059
9.703
9.196
9.498
9.162
9.337
8.986
9.028
9.224
9.088
8.938
9.055
9.247
9.26
9.534
8.931
9.414
9.072
9.056
8.944
9.153
9.172
9.136
9.311
9.123
9.27
8.925
9.28
9.183
9.265
9.194
9.375
9.023
9.351
8.81
9.143
9.127
9.183
9.041
9.386
8.748
9.27
9.118
9.077
9.042
9.196
9.318
8.883
8.964
9.046
9.143
9.165
9.34
8.827
9.024
9.328
8.975
8.954
9.234
9.095
9.251
9.012
9.125
9.077
9.3
9.12
9.499
8.899
8.571
8.899
9.029
8.931
9.306
9.115
9.364
8.824
9.018
8.854
9.037
8.886
9.443
8.974
8.959
9.282
9.281
9.164
9.08
9.077
8.856
9.176
8.892
9.034
9.177
8.742
8.901
9.214
8.975
9.02
9.049
8.751
9.098
9.099
9.13
9.33
8.923
9.046
8.978
9.106
9.139
9.035
9.16
8.775
8.993
8.867
9.448
8.994
9.208
9.288
8.982
9.018
8.844
9.09
9.378
9.104
9.495
9.113
8.665
9.19
8.969
9.072
9.106
8.778
9.214
9.152
9.087
8.809
8.602
8.838
9.224
8.994
8.849
9.287
8.621
8.817
8.97
9.013
8.851
9.253
8.628
9.311
9.375
9.153
9.052
9.164
9.279
9.152
9.443
9
9.266
9.268
8.983
8.991
9.657
9.048
8.931
9.21
9.076
9.29
8.704
9.089
9.302
9.007
9.082
9.628
9.072
8.986
9.391
9.565
9.2
9.604
9.234
9.521
9.205
9.415
8.82
9.598
9.757
8.99
9.23
9.121
9.227
9.296
9.226
9.276
9.227
9.007
9.406
9.588
9.337
9.084
9.219
8.896
9.513
8.804
9.083
9.233
9.188
9.054
9.342
9.161
9.323
9.121
9.534
8.979
9.082
10.22
9.377
9.17
9.32
9.025
9.267
9.09
9.325
9.441
9.424
9.271
9.423
9.718
9.194
9.614
9.268
9.137
9.946
9.183
9.363
9.248
9.367
9.361
9.229
9.15
9.234
9.198
9.29
9.099
9.243
8.864
9.094
9.081
9.123
9.315
8.67
9.155
9.951
9.411
8.757
9.456
9.163
9.33
8.799
9.346
9.432
9.775
9.228
9.322
9.238
9.597
8.877
8.944
9.226
8.906
9.536
9.455
9.335
9.386
8.9
8.89
9.315
8.81
8.85
9.214
9.306
9.023
9.348
8.984
9.467
9.204
8.783
9.079
9.208
9.144
9.14
9.535
8.865
8.765
8.888
9.124
9.262
9.208
9.307
9.14
9.104
9.021
9.27
9.049
9.233
8.953
9.299
9.21
9.453
8.938
9.206
9.276
9.401
9.077
8.996
9.154
9.506
9.142
8.971
9.077
9.07
9.062
9.097
9.435
9.212
9.499
9.272
9.377
9.008
8.868
9.484
8.772
8.991
9.191
8.81
9.532
9.167
9.084
9.023
9.166
8.959
9.015
9.239
8.837
9.133
8.658
9.229
9.005
8.905
9.061
9.115
8.685
9.177
9.347
8.577
9.067
8.956
9.023
9.506
9.34
9.521
9.513
9.273
8.788
9.101
8.904
9.279
9.609
9.182
9.234
9.13
9.213
8.987
8.805
9.308
8.946
8.848
8.988
8.631
8.959
8.792
8.75
8.696
8.445
9.482
9.19
9.267
9.078
8.701
8.605
9.308
9.271
9.003
8.983
8.958
9.011
9.019
9.216
9.005
9.102
8.874
9.006
9.539
9.022
9.163
9.237
9.289
8.921
8.75
8.706
8.931
9.164
8.897
8.998
9.16
9.118
9.298
8.872
8.897
9.068
9.141
9.127
9.106
8.896
9.222
8.759
9.443
9.06
8.784
8.954
9.097
8.993
9.036
8.843
8.918
9.2
9.064
9.126
8.692
9.107
9.012
9.588
8.94
9.171
9.042
9.166
9.094
9.209
9.143
9.362
9.495
9.121
9.072
9.206
9.201
8.983
9.031
9.24
9.118
9.096
9.062
9.53
8.623
8.737
8.838
9.481
8.996
8.612
8.919
8.855
9.332
9.259
8.516
9.288
8.999
8.909
8.779
9.231
9.417
9.183
9.573
9.333
9.286
9.244
9.374
9.324
9.481
9.399
9.054
9.572
9.198
9.346
9.566
9.122
9.233
9.347
9.219
8.963
9.144
9.237
8.895
8.808
8.931
8.731
8.798
9.287
9.273
8.919
8.7
9.185
9.263
9.181
9.064
9.287
9.456
9.204
9.077
8.707
9.167
9.185
8.848
8.74
8.951
9.19
8.892
8.986
9.456
9.023
8.806
8.826
8.96
8.931
8.969
9.147
8.98
9.056
9.016
8.921
9.087
8.941
8.605
9.035
9.159
9.125
9.139
8.995
8.927
9.038
9.047
8.961
9.111
8.929
9.023
9.43
8.749
8.819
9.564
9.168
9.627
9.179
9.217
9.134
9.575
9.091
8.892
9.302
8.883
9.481
9.221
9.469
9.352
8.887
9.209
9.36
9.11
8.96
9.096
9.042
8.611
9.465
9.727
9.32
9.25
9.423
9.343
9.08
9.412
8.867
9.065
9.339
9.286
9.543
9.656
9.417
9.245
9.199
8.959
9.068
8.934
9.151
9.22
9.214
9.181
9.415
9.471
9.261
9.315
9.549
9.138
9.165
9.064
9.334
9.228
9.27
9.163
9.549
8.834
9.343
9.222
9.163
8.895
8.825
9.199
8.783
8.862
8.885
9.079
8.788
9.238
9.111
8.797
9.151
9.041
9.382
9.104
9.159
8.887
9.116
9.034
9.076
9.011
9.382
9.274
8.967
9.195
9.149
9.308
8.948
9.66